0 929
1 39
2 -303
3 -763
4 -247
5 701
6 148
7 620
8 -123
9 -537
10 -614
11 -643
12 631
13 -807
14 -503
15 957
16 247
17 -304
18 14
19 -698
20 -288
21 -737
22 7
23 -199
24 190
25 -300
26 -839
27 44
28 395
29 978
30 673
31 -520
32 -436
33 301
34 -888
35 900
36 331
37 473
38 -309
39 783
40 -342
41 123
42 96
43 239
44 505
45 619
46 360
47 -968
48 -266
49 -782
50 -414
51 338
52 431
53 805
54 -397
55 -996
56 -893
57 -568
58 -358
59 652
60 -186
61 -152
62 814
63 -21
64 802
65 463
66 999
67 439
68 430
69 893
70 764
71 -829
72 -105
73 -715
74 876
75 507
76 684
77 408
78 -347
79 977
80 314
81 -481
82 -675
83 -891
84 -751
85 -344
86 -965
87 428
88 14
89 354
90 906
91 -803
92 576
93 117
94 -927
95 146
96 797
97 402
98 483
99 695
100 123
101 -178
102 377
103 -820
104 -540
105 -613
106 680
107 -39
108 578
109 677
110 -776
111 471
112 -286
113 -403
114 -869
115 33
116 -752
117 655
118 536
119 -908
120 924
121 768
122 497
123 -65
124 -563
125 30
126 -461
127 -412
128 -523
129 921
130 518
131 -62
132 885
133 426
134 69
135 10
136 -6
137 -521
138 459
139 -862
140 674
141 763
142 -694
143 -121
144 -431
145 170
146 -428
147 644
148 -751
149 -25
150 406
151 -730
152 674
153 271
154 724
155 -727
156 -9
157 -893
158 877
159 519
160 -754
161 -101
162 -853
163 989
164 723
165 388
166 -165
167 -640
168 -601
169 -384
170 -711
171 816
172 -24
173 246
174 159
175 -894
176 825
177 -286
178 857
179 846
180 -198
181 55
182 169
183 651
184 -407
185 630
186 -134
187 -895
188 69
189 417
190 -405
191 -277
192 760
193 -364
194 332
195 -818
196 -83
197 254
198 799
199 -765
200 -265
201 -348
202 893
203 -403
204 -805
205 173
206 -996
207 -595
208 -886
209 -465
210 -858
211 499
212 -233
213 -255
214 450
215 -520
216 -710
217 73
218 -642
219 481
220 -288
221 543
222 815
223 420
224 -936
225 803
226 -695
227 -197
228 -131
229 220
230 -372
231 -440
232 -899
233 631
234 -136
235 143
236 -172
237 555
238 972
239 -272
240 -949
241 596
242 768
243 -969
244 -80
245 -730
246 -846
247 54
248 -54
249 -997
250 -399
251 -971
252 -640
253 -987
254 -593
255 -5
256 -168
257 -100
258 -793
259 93
260 501
261 -47
262 854
263 -999
264 -808
265 582
266 -107
267 375
268 -760
269 -507
270 741
271 49
272 -616
273 501
274 -5
275 -941
276 842
277 -426
278 -562
279 557
280 -896
281 -145
282 -511
283 -652
284 985
285 -56
286 -901
287 585
288 144
289 104
290 850
291 -652
292 -462
293 589
294 506
295 921
296 -34
297 373
298 -113
299 154
300 223
301 893
302 -986
303 -788
304 -303
305 53
306 -747
307 -176
308 -645
309 -83
310 776
311 -598
312 390
313 -767
314 -504
315 430
316 -756
317 919
318 -287
319 914
320 -802
321 984
322 -598
323 97
324 275
325 -847
326 -104
327 682
328 -712
329 -435
330 -419
331 714
332 -584
333 -105
334 496
335 595
336 857
337 851
338 -503
339 735
340 -515
341 807
342 909
343 -60
344 242
345 -503
346 410
347 -706
348 -949
349 4
350 641
351 796
352 695
353 791
354 -350
355 -577
356 818
357 550
358 -806
359 -140
360 -483
361 -602
362 716
363 -407
364 631
365 69
366 401
367 -937
368 957
369 152
370 287
371 973
372 -250
373 128
374 732
375 863
376 -11
377 277
378 -211
379 593
380 -84
381 -582
382 72
383 -646
384 380
385 -892
386 -537
387 174
388 518
389 -453
390 -367
391 -209
392 65
393 -175
394 -744
395 -342
396 223
397 -145
398 -968
399 834
400 -857
401 296
402 -484
403 572
404 949
405 267
406 689
407 -405
408 904
409 -242
410 -753
411 -403
412 741
413 -466
414 -140
415 -455
416 -627
417 2
418 228
419 -353
420 -51
421 -90
422 -838
423 759
424 -256
425 -659
426 -82
427 -11
428 -161
429 216
430 -716
431 -818
432 553
433 581
434 -315
435 318
436 -931
437 -81
438 968
439 -405
440 -723
441 -988
442 -294
443 616
444 37
445 -608
446 855
447 201
448 603
449 -322
450 -913
451 518
452 741
453 166
454 -155
455 -542
456 -667
457 822
458 767
459 -740
460 769
461 -695
462 381
463 -67
464 10
465 298
466 -741
467 -195
468 677
469 514
470 927
471 888
472 585
473 -745
474 -400
475 -383
476 -619
477 475
478 -678
479 -704
480 461
481 -23
482 -988
483 677
484 389
485 373
486 607
487 5
488 319
489 -111
490 -256
491 -906
492 346
493 181
494 -265
495 668
496 -911
497 213
498 420
499 -15
500 100
501 -144
502 -620
503 -728
504 335
505 -519
506 838
507 -119
508 765
509 886
510 49
511 -84
512 -92
513 -626
514 334
515 700
516 -300
517 627
518 -614
519 -880
520 -331
521 -386
522 -967
523 -213
524 492
525 -886
526 -899
527 -191
528 -71
529 874
530 -512
531 -289
532 -171
533 -798
534 -713
535 -253
536 272
537 -881
538 208
539 -592
540 -66
541 798
542 749
543 126
544 942
545 812
546 506
547 -893
548 -877
549 75
550 64
551 853
552 -220
553 -269
554 -327
555 -273
556 830
557 154
558 -830
559 109
560 856
561 -160
562 149
563 -421
564 649
565 -848
566 -465
567 -761
568 777
569 188
570 -196
571 -403
572 952
573 -344
574 242
575 -448
576 -60
577 -536
578 740
579 787
580 -628
581 90
582 -49
583 780
584 34
585 584
586 -398
587 -174
588 -610
589 352
590 1
591 762
592 -336
593 803
594 0
595 181
596 -326
597 523
598 331
599 845
600 -105
601 799
602 -955
603 311
604 541
605 243
606 -25
607 -149
608 -601
609 494
610 -45
611 -478
612 904
613 -101
614 598
615 -58
616 -566
617 524
618 -287
619 -786
620 996
621 794
622 670
623 -530
624 576
625 218
626 -89
627 121
628 -552
629 112
630 965
631 785
632 933
633 -138
634 397
635 903
636 837
637 -657
638 -949
639 332
640 500
641 682
642 234
643 -724
644 470
645 -823
646 -186
647 -442
648 -262
649 533
650 396
651 -21
652 153
653 650
654 -727
655 -263
656 51
657 -133
658 798
659 241
660 -626
661 294
662 -528
663 -635
664 58
665 -56
666 367
667 602
668 896
669 -784
670 -403
671 998
672 -240
673 -763
674 494
675 -261
676 -55
677 434
678 444
679 135
680 881
681 587
682 49
683 667
684 -591
685 -113
686 -16
687 397
688 -56
689 653
690 94
691 668
692 456
693 -677
694 777
695 -533
696 147
697 -119
698 531
699 364
700 -784
701 144
702 -896
703 -649
704 394
705 -238
706 420
707 -610
708 952
709 -960
710 -848
711 429
712 721
713 376
714 -482
715 876
716 54
717 701
718 -359
719 -809
720 887
721 -106
722 183
723 -956
724 -425
725 592
726 -840
727 939
728 -826
729 -884
730 321
731 -252
732 -738
733 89
734 -285
735 632
736 459
737 -306
738 305
739 490
740 -971
741 168
742 -758
743 -353
744 -804
745 649
746 -150
747 -743
748 -493
749 371
750 -713
751 -691
752 265
753 -257
754 -424
755 -71
756 529
757 -521
758 -989
759 905
760 -436
761 -256
762 995
763 305
764 310
765 826
766 -364
767 -970
768 -250
769 -75
770 206
771 910
772 143
773 71
774 -679
775 -802
776 739
777 607
778 -531
779 156
780 208
781 538
782 -475
783 -143
784 -472
785 -870
786 -672
787 -174
788 -79
789 -314
790 113
791 -410
792 677
793 979
794 61
795 745
796 246
797 86
798 -717
799 285
800 -756
801 -414
802 116
803 -821
804 -982
805 778
806 473
807 996
808 -210
809 42
810 693
811 -616
812 -473
813 251
814 686
815 526
816 531
817 -238
818 -885
819 -258
820 347
821 -866
822 972
823 526
824 166
825 817
826 222
827 -91
828 -488
829 156
830 -113
831 -769
832 -288
833 474
834 361
835 -418
836 -312
837 -320
838 -868
839 325
840 -183
841 -475
842 830
843 731
844 -825
845 538
846 250
847 -497
848 -923
849 -858
850 363
851 -504
852 -103
853 -526
854 -464
855 -545
856 750
857 25
858 722
859 -240
860 775
861 -727
862 -51
863 988
864 -697
865 571
866 285
867 53
868 -450
869 -896
870 -354
871 452
872 -918
873 581
874 -582
875 762
876 -32
877 -146
878 400
879 510
880 553
881 924
882 868
883 217
884 694
885 -438
886 -672
887 611
888 -991
889 499
890 637
891 -475
892 -556
893 253
894 612
895 151
896 333
897 -460
898 730
899 -269
900 747
901 -553
902 -843
903 513
904 -289
905 313
906 -271
907 -565
908 -372
909 590
910 -606
911 565
912 -644
913 -439
914 -726
915 -246
916 -693
917 -365
918 -436
919 916
920 720
921 330
922 -900
923 -120
924 693
925 -693
926 62
927 -955
928 -13
929 964
930 -173
931 -539
932 -641
933 143
934 -151
935 353
936 -332
937 -47
938 822
939 -525
940 461
941 535
942 812
943 7
944 -765
945 636
946 24
947 -484
948 -955
949 -746
950 -920
951 -101
952 526
953 130
954 -552
955 597
956 -955
957 -884
958 -941
959 -957
960 -672
961 -76
962 82
963 927
964 -475
965 -52
966 907
967 -317
968 -803
969 443
970 -923
971 557
972 119
973 508
974 72
975 789
976 -977
977 -52
978 -727
979 896
980 811
981 -11
982 -442
983 906
984 -769
985 190
986 -380
987 -544
988 423
989 606
990 349
991 691
992 41
993 -251
994 833
995 -586
996 -15
997 -101
998 -146
999 13
1000 578
1001 -829
1002 -100
1003 195
1004 852
1005 -960
1006 -278
1007 -14
1008 474
1009 -530
1010 -56
1011 -763
1012 -927
1013 -470
1014 589
1015 -429
1016 -693
1017 -489
1018 -735
1019 -920
1020 -34
1021 -886
1022 533
1023 736
1024 -732
1025 613
1026 -395
1027 987
1028 -352
1029 324
1030 184
1031 113
1032 80
1033 102
1034 748
1035 -776
1036 -990
1037 -154
1038 -443
1039 -741
1040 -421
1041 686
1042 -351
1043 -95
1044 263
1045 976
1046 -852
1047 179
1048 899
1049 690
1050 43
1051 799
1052 -839
1053 -27
1054 418
1055 -140
1056 222
1057 -967
1058 773
1059 -320
1060 281
1061 897
1062 -975
1063 891
1064 -435
1065 -104
1066 -237
1067 695
1068 264
1069 561
1070 379
1071 -77
1072 768
1073 -706
1074 532
1075 986
1076 -230
1077 456
1078 389
1079 -977
1080 -125
1081 690
1082 946
1083 657
1084 517
1085 167
1086 527
1087 697
1088 679
1089 826
1090 -18
1091 791
1092 997
1093 -568
1094 -418
1095 -240
1096 972
1097 -292
1098 -865
1099 891
1100 573
1101 -528
1102 -498
1103 195
1104 -322
1105 -367
1106 -550
1107 -832
1108 365
1109 -740
1110 150
1111 -531
1112 600
1113 -621
1114 706
1115 728
1116 397
1117 30
1118 -806
1119 149
1120 -384
1121 -217
1122 -705
1123 -229
1124 365
1125 -712
1126 -284
1127 614
1128 -391
1129 -522
1130 -167
1131 374
1132 913
1133 -915
1134 687
1135 301
1136 -946
1137 341
1138 -10
1139 723
1140 473
1141 -906
1142 392
1143 -317
1144 188
1145 -681
1146 -590
1147 -351
1148 -752
1149 -634
1150 -25
1151 937
1152 -98
1153 578
1154 -599
1155 359
1156 313
1157 389
1158 727
1159 -747
1160 206
1161 416
1162 579
1163 189
1164 131
1165 351
1166 -463
1167 -141
1168 -309
1169 -838
1170 -492
1171 -535
1172 372
1173 -88
1174 111
1175 -900
1176 -569
1177 -604
1178 795
1179 740
1180 -641
1181 11
1182 -250
1183 -402
1184 328
1185 940
1186 -539
1187 724
1188 866
1189 722
1190 646
1191 -529
1192 398
1193 -635
1194 -91
1195 -441
1196 70
1197 561
1198 -876
1199 -824
1200 -14
1201 -953
1202 -542
1203 869
1204 432
1205 -335
1206 -290
1207 -660
1208 977
1209 978
1210 -709
1211 326
1212 286
1213 975
1214 831
1215 848
1216 610
1217 692
1218 870
1219 -863
1220 -776
1221 -486
1222 528
1223 748
1224 -478
1225 -68
1226 177
1227 -912
1228 -250
1229 146
1230 583
1231 233
1232 -943
1233 778
1234 271
1235 176
1236 -456
1237 -627
1238 469
1239 389
1240 -709
1241 958
1242 -763
1243 -505
1244 940
1245 273
1246 -738
1247 -300
1248 -736
1249 -548
1250 675
1251 -50
1252 264
1253 -273
1254 -83
1255 296
1256 -99
1257 -104
1258 570
1259 356
1260 155
1261 -439
1262 -285
1263 617
1264 682
1265 -622
1266 -125
1267 643
1268 53
1269 -330
1270 -300
1271 443
1272 287
1273 981
1274 -58
1275 763
1276 -288
1277 -779
1278 -658
1279 -729
1280 487
1281 202
1282 -164
1283 -190
1284 692
1285 -557
1286 -547
1287 -893
1288 -805
1289 -380
1290 -479
1291 -105
1292 -940
1293 -255
1294 -548
1295 374
1296 -239
1297 827
1298 196
1299 433
1300 174
1301 374
1302 514
1303 -861
1304 598
1305 124
1306 -184
1307 553
1308 -220
1309 -961
1310 880
1311 -906
1312 36
1313 -430
1314 825
1315 -135
1316 -426
1317 93
1318 983
1319 -497
1320 -401
1321 13
1322 645
1323 -889
1324 484
1325 -813
1326 68
1327 -979
1328 -313
1329 626
1330 -783
1331 -988
1332 -343
1333 886
1334 241
1335 817
1336 -776
1337 821
1338 356
1339 -665
1340 407
1341 64
1342 171
1343 805
1344 626
1345 354
1346 226
1347 749
1348 696
1349 958
1350 466
1351 469
1352 -703
1353 -419
1354 -690
1355 -6
1356 797
1357 330
1358 -716
1359 882
1360 374
1361 -856
1362 -741
1363 816
1364 357
1365 797
1366 867
1367 877
1368 -115
1369 481
1370 -491
1371 -891
1372 -407
1373 -542
1374 -176
1375 -53
1376 357
1377 608
1378 -702
1379 -201
1380 487
1381 -983
1382 -824
1383 -510
1384 -305
1385 -501
1386 -346
1387 295
1388 244
1389 -544
1390 -188
1391 597
1392 907
1393 -983
1394 714
1395 405
1396 401
1397 -557
1398 345
1399 542
1400 -9
1401 -515
1402 184
1403 -935
1404 857
1405 -526
1406 -854
1407 521
1408 75
1409 21
1410 -972
1411 -605
1412 244
1413 -196
1414 568
1415 -547
1416 -890
1417 -423
1418 640
1419 433
1420 810
1421 655
1422 693
1423 -568
1424 -784
1425 -843
1426 722
1427 765
1428 163
1429 -753
1430 445
1431 -155
1432 639
1433 -145
1434 -351
1435 -718
1436 -161
1437 367
1438 961
1439 398
1440 -578
1441 -545
1442 -768
1443 818
1444 -115
1445 446
1446 105
1447 999
1448 -387
1449 -542
1450 -564
1451 -197
1452 201
1453 -358
1454 -976
1455 -79
1456 -258
1457 658
1458 795
1459 -490
1460 -71
1461 68
1462 -631
1463 952
1464 -649
1465 -996
1466 -781
1467 -178
1468 -246
1469 -869
1470 647
1471 -930
1472 -257
1473 716
1474 -390
1475 -975
1476 -994
1477 -988
1478 -622
1479 436
1480 979
1481 -18
1482 930
1483 318
1484 -299
1485 -396
1486 -370
1487 -806
1488 -14
1489 -314
1490 373
1491 300
1492 -847
1493 167
1494 -645
1495 575
1496 787
1497 -863
1498 740
1499 -484
1500 933
1501 684
1502 -143
1503 277
1504 -338
1505 607
1506 491
1507 -472
1508 230
1509 296
1510 545
1511 496
1512 -349
1513 696
1514 -456
1515 -618
1516 -225
1517 -203
1518 741
1519 634
1520 558
1521 -638
1522 363
1523 -357
1524 -20
1525 -798
1526 771
1527 -930
1528 -786
1529 -317
1530 -389
1531 697
1532 825
1533 -197
1534 322
1535 865
1536 771
1537 -190
1538 514
1539 505
1540 -293
1541 400
1542 513
1543 245
1544 -200
1545 -372
1546 -156
1547 -967
1548 -177
1549 341
1550 775
1551 543
1552 -698
1553 -543
1554 922
1555 -354
1556 -757
1557 698
1558 179
1559 -19
1560 -368
1561 -180
1562 979
1563 -610
1564 254
1565 289
1566 501
1567 544
1568 849
1569 448
1570 -829
1571 457
1572 733
1573 -660
1574 -301
1575 -943
1576 -841
1577 -153
1578 -309
1579 451
1580 -963
1581 114
1582 812
1583 260
1584 454
1585 578
1586 -102
1587 699
1588 495
1589 716
1590 806
1591 -862
1592 43
1593 -908
1594 -287
1595 147
1596 -241
1597 486
1598 -117
1599 -390
1600 -986
1601 591
1602 1000
1603 -700
1604 -528
1605 465
1606 -530
1607 921
1608 -972
1609 -726
1610 539
1611 519
1612 -760
1613 -595
1614 214
1615 -556
1616 525
1617 257
1618 385
1619 -664
1620 503
1621 -811
1622 -804
1623 193
1624 -762
1625 367
1626 559
1627 -964
1628 -566
1629 -641
1630 204
1631 -443
1632 -329
1633 -668
1634 620
1635 128
1636 1000
1637 480
1638 -822
1639 -914
1640 -552
1641 -857
1642 985
1643 997
1644 920
1645 -97
1646 -972
1647 249
1648 779
1649 804
1650 821
1651 961
1652 -272
1653 -247
1654 222
1655 -881
1656 -115
1657 -370
1658 182
1659 -512
1660 -422
1661 421
1662 -177
1663 -644
1664 -317
1665 504
1666 710
1667 401
1668 344
1669 173
1670 94
1671 -954
1672 -369
1673 -383
1674 -801
1675 16
1676 -375
1677 -300
1678 -923
1679 736
1680 -217
1681 537
1682 -951
1683 152
1684 -260
1685 -178
1686 -390
1687 28
1688 806
1689 -230
1690 763
1691 736
1692 -860
1693 -840
1694 321
1695 -865
1696 -291
1697 -583
1698 -102
1699 -438
1700 91
1701 782
1702 -992
1703 562
1704 411
1705 -602
1706 -94
1707 348
1708 39
1709 902
1710 958
1711 -523
1712 234
1713 -790
1714 193
1715 407
1716 897
1717 748
1718 425
1719 -966
1720 -207
1721 -308
1722 -550
1723 663
1724 371
1725 -363
1726 346
1727 766
1728 -116
1729 -13
1730 -380
1731 -924
1732 256
1733 -340
1734 126
1735 216
1736 -215
1737 -782
1738 968
1739 577
1740 791
1741 -256
1742 -930
1743 785
1744 -881
1745 780
1746 -319
1747 141
1748 -392
1749 -946
1750 -54
1751 526
1752 321
1753 75
1754 924
1755 916
1756 562
1757 983
1758 -338
1759 -255
1760 -204
1761 -328
1762 568
1763 146
1764 -875
1765 37
1766 2
1767 -20
1768 226
1769 -546
1770 -285
1771 -377
1772 593
1773 -327
1774 267
1775 -995
1776 -191
1777 103
1778 -367
1779 386
1780 191
1781 622
1782 -734
1783 710
1784 29
1785 -525
1786 848
1787 -870
1788 -633
1789 -856
1790 -604
1791 78
1792 -216
1793 169
1794 -454
1795 955
1796 -559
1797 -232
1798 -123
1799 468
1800 436
1801 -272
1802 367
1803 704
1804 -599
1805 -430
1806 -546
1807 -600
1808 -790
1809 -270
1810 135
1811 -306
1812 -7
1813 -750
1814 967
1815 -781
1816 -714
1817 -437
1818 31
1819 306
1820 680
1821 -399
1822 -752
1823 981
1824 377
1825 -541
1826 194
1827 821
1828 -762
1829 -247
1830 -641
1831 198
1832 -919
1833 -222
1834 -146
1835 -292
1836 195
1837 199
1838 906
1839 775
1840 852
1841 738
1842 -71
1843 -719
1844 973
1845 721
1846 928
1847 -755
1848 233
1849 673
1850 -626
1851 892
1852 935
1853 -40
1854 -908
1855 -344
1856 -222
1857 701
1858 536
1859 -498
1860 -394
1861 -905
1862 464
1863 -438
1864 -151
1865 471
1866 -560
1867 -584
1868 -134
1869 170
1870 -719
1871 -767
1872 -24
1873 -4
1874 -408
1875 303
1876 -520
1877 -816
1878 705
1879 -662
1880 322
1881 783
1882 -706
1883 417
1884 935
1885 -428
1886 -154
1887 -900
1888 458
1889 918
1890 -516
1891 630
1892 418
1893 -987
1894 947
1895 -526
1896 135
1897 509
1898 -482
1899 -13
1900 252
1901 854
1902 -326
1903 805
1904 -629
1905 444
1906 -829
1907 -309
1908 -486
1909 -447
1910 -401
1911 -488
1912 -536
1913 -448
1914 -552
1915 -713
1916 -734
1917 -223
1918 -243
1919 -644
1920 132
1921 -931
1922 -414
1923 483
1924 655
1925 82
1926 -548
1927 -190
1928 912
1929 762
1930 448
1931 39
1932 -819
1933 398
1934 797
1935 -778
1936 -149
1937 935
1938 502
1939 -411
1940 -343
1941 -947
1942 -511
1943 764
1944 -247
1945 346
1946 -228
1947 172
1948 -663
1949 353
1950 149
1951 -684
1952 2
1953 338
1954 784
1955 -261
1956 -177
1957 -607
1958 992
1959 93
1960 79
1961 456
1962 32
1963 222
1964 390
1965 -914
1966 -491
1967 512
1968 -93
1969 -406
1970 -650
1971 -534
1972 842
1973 -912
1974 702
1975 -334
1976 641
1977 -635
1978 191
1979 -542
1980 158
1981 646
1982 -433
1983 -249
1984 500
1985 495
1986 337
1987 -949
1988 -834
1989 -420
1990 538
1991 163
1992 -925
1993 603
1994 989
1995 -507
1996 -734
1997 -751
1998 672
1999 759
2000 914
2001 628
2002 -144
2003 -790
2004 296
2005 598
2006 -464
2007 -481
2008 -498
2009 -646
2010 -866
2011 -147
2012 511
2013 -415
2014 593
2015 370
2016 197
2017 -953
2018 -904
2019 -765
2020 203
2021 -996
2022 -612
2023 -849
2024 -102
2025 891
2026 -604
2027 -344
2028 518
2029 -747
2030 -586
2031 -825
2032 478
2033 -581
2034 -626
2035 693
2036 -412
2037 965
2038 917
2039 483
2040 -888
2041 -687
2042 -212
2043 414
2044 6
2045 -245
2046 671
2047 720
2048 486
2049 210
2050 -313
2051 497
2052 914
2053 -414
2054 -951
2055 552
2056 -333
2057 970
2058 -940
2059 469
2060 -155
2061 928
2062 -245
2063 332
2064 -24
2065 -538
2066 -855
2067 120
2068 -501
2069 -558
2070 72
2071 14
2072 329
2073 631
2074 -521
2075 -35
2076 706
2077 343
2078 -825
2079 4
2080 -442
2081 753
2082 -992
2083 -284
2084 792
2085 656
2086 -601
2087 993
2088 -964
2089 957
2090 280
2091 -382
2092 -559
2093 -17
2094 491
2095 737
2096 341
2097 -308
2098 -68
2099 182
2100 937
2101 -172
2102 -179
2103 435
2104 24
2105 660
2106 -738
2107 -255
2108 175
2109 976
2110 -465
2111 923
2112 723
2113 181
2114 -961
2115 152
2116 760
2117 810
2118 -598
2119 148
2120 569
2121 -877
2122 205
2123 389
2124 59
2125 -831
2126 -8
2127 -88
2128 900
2129 -66
2130 -985
2131 -609
2132 724
2133 432
2134 436
2135 760
2136 176
2137 613
2138 -163
2139 601
2140 48
2141 -274
2142 -48
2143 249
2144 -923
2145 969
2146 909
2147 736
2148 107
2149 -399
2150 -409
2151 -614
2152 -449
2153 -921
2154 -264
2155 -671
2156 408
2157 -127
2158 -700
2159 930
2160 414
2161 153
2162 -637
2163 -104
2164 413
2165 -527
2166 246
2167 -129
2168 847
2169 -96
2170 4
2171 216
2172 482
2173 -644
2174 15
2175 704
2176 -1000
2177 363
2178 -767
2179 -494
2180 -293
2181 -295
2182 420
2183 785
2184 -169
2185 -139
2186 256
2187 308
2188 -828
2189 578
2190 687
2191 -894
2192 517
2193 -924
2194 -997
2195 143
2196 -36
2197 -847
2198 -563
2199 768
2200 373
2201 -93
2202 -680
2203 -204
2204 -657
2205 31
2206 881
2207 978
2208 86
2209 -968
2210 814
2211 548
2212 -583
2213 62
2214 -24
2215 -497
2216 -634
2217 37
2218 289
2219 96
2220 -596
2221 -615
2222 908
2223 -659
2224 -898
2225 367
2226 -982
2227 663
2228 311
2229 -281
2230 -489
2231 -348
2232 39
2233 -143
2234 -649
2235 696
2236 -933
2237 -856
2238 220
2239 -76
2240 470
2241 -496
2242 725
2243 757
2244 498
2245 740
2246 -150
2247 613
2248 1000
2249 302
2250 -229
2251 -808
2252 -160
2253 -548
2254 419
2255 -339
2256 49
2257 -318
2258 -988
2259 -163
2260 708
2261 -862
2262 986
2263 610
2264 552
2265 -666
2266 -99
2267 -503
2268 -388
2269 297
2270 396
2271 687
2272 -83
2273 83
2274 454
2275 -927
2276 -197
2277 -584
2278 -196
2279 -32
2280 371
2281 -621
2282 -39
2283 549
2284 532
2285 4
2286 -329
2287 -889
2288 -865
2289 656
2290 -298
2291 10
2292 -118
2293 163
2294 513
2295 -501
2296 923
2297 747
2298 480
2299 -186
2300 973
2301 3
2302 -741
2303 712
2304 -392
2305 646
2306 259
2307 -599
2308 175
2309 -449
2310 -821
2311 852
2312 287
2313 931
2314 720
2315 -426
2316 509
2317 433
2318 -414
2319 -548
2320 -279
2321 -265
2322 -987
2323 -127
2324 -952
2325 -177
2326 924
2327 415
2328 463
2329 846
2330 -846
2331 -445
2332 139
2333 -661
2334 -173
2335 -249
2336 963
2337 935
2338 192
2339 790
2340 -538
2341 -887
2342 466
2343 -992
2344 468
2345 -700
2346 581
2347 539
2348 313
2349 782
2350 442
2351 43
2352 -230
2353 -663
2354 90
2355 288
2356 77
2357 -227
2358 110
2359 -936
2360 -317
2361 -396
2362 143
2363 -647
2364 -645
2365 -58
2366 816
2367 -673
2368 -136
2369 -421
2370 -475
2371 -336
2372 -305
2373 -152
2374 -264
2375 738
2376 -205
2377 -825
2378 -100
2379 -933
2380 794
2381 473
2382 -787
2383 -393
2384 -796
2385 -892
2386 -762
2387 -180
2388 604
2389 -366
2390 257
2391 749
2392 -412
2393 -571
2394 626
2395 -582
2396 811
2397 -682
2398 -536
2399 -251
2400 -513
2401 -271
2402 977
2403 364
2404 -362
2405 -121
2406 409
2407 163
2408 -738
2409 143
2410 -708
2411 217
2412 -267
2413 583
2414 951
2415 -718
2416 -379
2417 633
2418 566
2419 -926
2420 143
2421 -220
2422 418
2423 126
2424 -191
2425 947
2426 495
2427 -215
2428 425
2429 967
2430 -144
2431 -21
2432 615
2433 960
2434 598
2435 -477
2436 -783
2437 -938
2438 992
2439 -263
2440 -504
2441 904
2442 -693
2443 814
2444 133
2445 468
2446 80
2447 79
2448 629
2449 214
2450 763
2451 286
2452 -688
2453 804
2454 -662
2455 -514
2456 -401
2457 -257
2458 -438
2459 658
2460 -490
2461 -501
2462 663
2463 -571
2464 750
2465 -17
2466 -443
2467 -458
2468 134
2469 -232
2470 15
2471 -739
2472 -170
2473 998
2474 282
2475 -73
2476 576
2477 -489
2478 743
2479 320
2480 -607
2481 -14
2482 -855
2483 -33
2484 -234
2485 -521
2486 806
2487 -349
2488 -11
2489 -735
2490 864
2491 -985
2492 273
2493 -800
2494 -929
2495 15
2496 799
2497 -512
2498 -55
2499 -870
2500 -310
2501 508
2502 -965
2503 -415
2504 -378
2505 860
2506 -146
2507 248
2508 492
2509 -573
2510 349
2511 -368
2512 -343
2513 303
2514 -574
2515 599
2516 296
2517 869
2518 394
2519 662
2520 9
2521 -122
2522 975
2523 113
2524 -748
2525 -831
2526 -578
2527 -835
2528 161
2529 -81
2530 -154
2531 76
2532 -360
2533 882
2534 83
2535 -292
2536 -693
2537 -456
2538 -819
2539 22
2540 464
2541 49
2542 -524
2543 432
2544 -49
2545 457
2546 817
2547 -212
2548 -24
2549 706
2550 -689
2551 -557
2552 36
2553 59
2554 -292
2555 -69
2556 523
2557 -21
2558 761
2559 -368
2560 604
2561 -562
2562 676
2563 349
2564 137
2565 -532
2566 577
2567 -215
2568 29
2569 -279
2570 -606
2571 980
2572 481
2573 -185
2574 -916
2575 -821
2576 161
2577 -993
2578 -271
2579 -424
2580 256
2581 193
2582 807
2583 841
2584 582
2585 -322
2586 -892
2587 -937
2588 -538
2589 198
2590 -227
2591 -673
2592 -332
2593 825
2594 -197
2595 500
2596 900
2597 471
2598 21
2599 -603
2600 -523
2601 382
2602 798
2603 -830
2604 -817
2605 762
2606 639
2607 143
2608 -659
2609 211
2610 355
2611 692
2612 -626
2613 -142
2614 790
2615 392
2616 -187
2617 921
2618 -927
2619 251
2620 233
2621 -254
2622 -26
2623 475
2624 -574
2625 -85
2626 -576
2627 335
2628 18
2629 -408
2630 418
2631 -580
2632 -546
2633 -817
2634 589
2635 434
2636 -3
2637 281
2638 572
2639 -322
2640 870
2641 -817
2642 131
2643 -666
2644 -487
2645 531
2646 543
2647 -824
2648 -139
2649 258
2650 -459
2651 533
2652 622
2653 -927
2654 -120
2655 -511
2656 657
2657 798
2658 -446
2659 -594
2660 810
2661 -323
2662 874
2663 -692
2664 -173
2665 -213
2666 746
2667 -211
2668 -790
2669 -11
2670 802
2671 -142
2672 -770
2673 865
2674 -13
2675 494
2676 237
2677 774
2678 981
2679 752
2680 -895
2681 460
2682 602
2683 756
2684 -343
2685 -114
2686 -428
2687 783
2688 142
2689 -385
2690 -955
2691 -97
2692 -364
2693 996
2694 -958
2695 176
2696 -719
2697 307
2698 -467
2699 -752
2700 -832
2701 -390
2702 265
2703 -438
2704 83
2705 -260
2706 903
2707 -573
2708 -2
2709 943
2710 -991
2711 946
2712 -453
2713 589
2714 226
2715 152
2716 190
2717 67
2718 33
2719 -989
2720 -848
2721 233
2722 -868
2723 30
2724 184
2725 141
2726 777
2727 888
2728 -124
2729 150
2730 -428
2731 -158
2732 -574
2733 -817
2734 -964
2735 -645
2736 226
2737 -512
2738 -433
2739 -280
2740 -284
2741 -782
2742 -765
2743 -62
2744 -692
2745 -621
2746 -360
2747 -549
2748 -260
2749 -420
2750 -948
2751 938
2752 646
2753 -34
2754 368
2755 680
2756 -311
2757 -248
2758 -342
2759 159
2760 240
2761 -868
2762 -644
2763 -594
2764 -909
2765 838
2766 311
2767 -433
2768 -959
2769 735
2770 -652
2771 803
2772 769
2773 -965
2774 526
2775 -692
2776 -735
2777 -738
2778 -691
2779 438
2780 374
2781 -516
2782 -35
2783 513
2784 676
2785 33
2786 258
2787 -450
2788 56
2789 285
2790 829
2791 218
2792 843
2793 857
2794 851
2795 469
2796 -624
2797 -51
2798 -207
2799 -524
2800 -661
2801 -213
2802 519
2803 -148
2804 -96
2805 891
2806 994
2807 -75
2808 -731
2809 419
2810 -100
2811 643
2812 345
2813 769
2814 -206
2815 810
2816 -845
2817 836
2818 -655
2819 -115
2820 -825
2821 -5
2822 -213
2823 -971
2824 445
2825 408
2826 -486
2827 453
2828 -657
2829 101
2830 146
2831 806
2832 -139
2833 -320
2834 -843
2835 157
2836 -591
2837 -187
2838 579
2839 -891
2840 127
2841 836
2842 -30
2843 720
2844 315
2845 175
2846 -988
2847 433
2848 -804
2849 -391
2850 -649
2851 943
2852 -958
2853 -487
2854 446
2855 772
2856 430
2857 -717
2858 -387
2859 -750
2860 -2
2861 -377
2862 972
2863 531
2864 135
2865 460
2866 129
2867 -77
2868 880
2869 -933
2870 334
2871 -216
2872 610
2873 -423
2874 -942
2875 -895
2876 -38
2877 -283
2878 693
2879 -735
2880 -796
2881 -254
2882 -88
2883 769
2884 523
2885 600
2886 629
2887 -197
2888 -5
2889 -566
2890 131
2891 178
2892 -75
2893 778
2894 588
2895 -646
2896 339
2897 633
2898 -604
2899 264
2900 -796
2901 -816
2902 276
2903 -801
2904 -989
2905 -159
2906 897
2907 689
2908 564
2909 -493
2910 213
2911 -632
2912 705
2913 186
2914 -58
2915 -694
2916 381
2917 -593
2918 150
2919 538
2920 473
2921 210
2922 985
2923 -429
2924 209
2925 576
2926 -570
2927 -285
2928 968
2929 446
2930 -318
2931 677
2932 652
2933 594
2934 95
2935 40
2936 -577
2937 -746
2938 -581
2939 -818
2940 -542
2941 -761
2942 -440
2943 942
2944 907
2945 733
2946 -698
2947 231
2948 -119
2949 582
2950 531
2951 -136
2952 232
2953 -327
2954 -762
2955 -185
2956 21
2957 -350
2958 -193
2959 464
2960 -874
2961 -634
2962 214
2963 62
2964 686
2965 882
2966 -89
2967 39
2968 225
2969 588
2970 906
2971 -902
2972 -329
2973 -32
2974 736
2975 -250
2976 -198
2977 679
2978 758
2979 404
2980 793
2981 489
2982 -211
2983 -497
2984 719
2985 932
2986 203
2987 -97
2988 506
2989 889
2990 920
2991 -312
2992 -870
2993 -609
2994 824
2995 375
2996 -658
2997 944
2998 197
2999 135
3000 648
3001 -888
3002 3
3003 -996
3004 17
3005 -574
3006 771
3007 366
3008 264
3009 950
3010 408
3011 297
3012 5
3013 426
3014 582
3015 240
3016 695
3017 890
3018 -215
3019 -854
3020 -572
3021 549
3022 678
3023 586
3024 632
3025 284
3026 -776
3027 -100
3028 236
3029 -623
3030 627
3031 19
3032 -277
3033 -137
3034 -600
3035 248
3036 -902
3037 -973
3038 599
3039 -606
3040 914
3041 -835
3042 -913
3043 402
3044 347
3045 837
3046 -304
3047 -11
3048 -369
3049 569
3050 876
3051 -482
3052 -258
3053 -950
3054 76
3055 169
3056 -671
3057 453
3058 812
3059 -517
3060 -124
3061 659
3062 -34
3063 408
3064 960
3065 -334
3066 -749
3067 -913
3068 -734
3069 -812
3070 752
3071 147
3072 309
3073 547
3074 463
3075 -710
3076 66
3077 689
3078 860
3079 830
3080 -150
3081 841
3082 -143
3083 780
3084 345
3085 -828
3086 846
3087 570
3088 747
3089 -504
3090 -3
3091 534
3092 -619
3093 700
3094 -463
3095 694
3096 -231
3097 598
3098 -262
3099 -586
3100 319
3101 971
3102 144
3103 740
3104 -773
3105 18
3106 -818
3107 287
3108 261
3109 310
3110 -586
3111 -554
3112 242
3113 894
3114 63
3115 -459
3116 -650
3117 687
3118 1000
3119 -600
3120 -309
3121 -240
3122 -699
3123 504
3124 -570
3125 -407
3126 -751
3127 896
3128 419
3129 -743
3130 -431
3131 16
3132 -74
3133 578
3134 -451
3135 494
3136 -92
3137 -911
3138 -991
3139 931
3140 -791
3141 -708
3142 -393
3143 709
3144 518
3145 -618
3146 -395
3147 551
3148 244
3149 -733
3150 -466
3151 369
3152 574
3153 -464
3154 -656
3155 -850
3156 454
3157 922
3158 242
3159 -563
3160 900
3161 934
3162 -241
3163 -955
3164 455
3165 298
3166 -478
3167 -508
3168 -699
3169 -301
3170 810
3171 -272
3172 -746
3173 5
3174 -105
3175 775
3176 -60
3177 -555
3178 435
3179 -876
3180 447
3181 819
3182 -245
3183 217
3184 887
3185 -799
3186 -338
3187 -467
3188 -944
3189 532
3190 -297
3191 37
3192 800
3193 17
3194 174
3195 -109
3196 581
3197 -473
3198 233
3199 190
3200 545
3201 208
3202 828
3203 542
3204 -50
3205 293
3206 262
3207 226
3208 296
3209 -923
3210 352
3211 -214
3212 423
3213 137
3214 -674
3215 -962
3216 598
3217 936
3218 340
3219 -616
3220 -488
3221 918
3222 428
3223 -355
3224 413
3225 202
3226 372
3227 -19
3228 181
3229 596
3230 912
3231 -82
3232 -325
3233 -923
3234 -874
3235 495
3236 908
3237 -509
3238 -830
3239 940
3240 -458
3241 -232
3242 -530
3243 422
3244 986
3245 -433
3246 -320
3247 194
3248 -123
3249 869
3250 959
3251 -819
3252 139
3253 810
3254 203
3255 -796
3256 576
3257 411
3258 -669
3259 221
3260 -15
3261 -188
3262 -685
3263 -461
3264 -411
3265 -951
3266 47
3267 -615
3268 621
3269 -698
3270 612
3271 -500
3272 -939
3273 222
3274 687
3275 867
3276 -493
3277 878
3278 -173
3279 -792
3280 -665
3281 60
3282 -518
3283 -273
3284 845
3285 -188
3286 182
3287 90
3288 -501
3289 -725
3290 -475
3291 -448
3292 -565
3293 -583
3294 888
3295 -647
3296 -63
3297 -444
3298 -253
3299 -627
3300 -11
3301 -217
3302 553
3303 931
3304 -218
3305 -371
3306 252
3307 751
3308 -187
3309 -634
3310 20
3311 762
3312 167
3313 188
3314 -403
3315 -523
3316 752
3317 -671
3318 539
3319 546
3320 455
3321 -205
3322 -846
3323 985
3324 77
3325 -980
3326 -924
3327 993
3328 -733
3329 -28
3330 392
3331 818
3332 -442
3333 -676
3334 -572
3335 -13
3336 876
3337 547
3338 -594
3339 -637
3340 -954
3341 544
3342 -153
3343 71
3344 527
3345 862
3346 79
3347 -307
3348 -934
3349 353
3350 299
3351 736
3352 -108
3353 -101
3354 -509
3355 55
3356 -201
3357 936
3358 -984
3359 -129
3360 -576
3361 695
3362 373
3363 -3
3364 -334
3365 -196
3366 281
3367 112
3368 -749
3369 359
3370 832
3371 140
3372 186
3373 96
3374 -148
3375 -294
3376 -146
3377 473
3378 674
3379 -30
3380 -829
3381 -732
3382 504
3383 902
3384 461
3385 -492
3386 879
3387 725
3388 0
3389 818
3390 386
3391 -62
3392 -172
3393 401
3394 -947
3395 -833
3396 -543
3397 -264
3398 -678
3399 746
3400 -489
3401 351
3402 -178
3403 687
3404 -550
3405 -114
3406 -197
3407 -52
3408 -300
3409 -899
3410 333
3411 -434
3412 222
3413 -580
3414 -485
3415 534
3416 209
3417 -696
3418 342
3419 -422
3420 -482
3421 -137
3422 934
3423 -792
3424 381
3425 982
3426 418
3427 748
3428 186
3429 -973
3430 -631
3431 64
3432 971
3433 -264
3434 380
3435 133
3436 -757
3437 973
3438 -923
3439 970
3440 358
3441 -595
3442 691
3443 574
3444 121
3445 -915
3446 509
3447 -891
3448 -590
3449 -230
3450 -332
3451 685
3452 957
3453 716
3454 -225
3455 -190
3456 464
3457 -292
3458 -594
3459 112
3460 -319
3461 -935
3462 -524
3463 449
3464 -413
3465 -347
3466 888
3467 -621
3468 -875
3469 743
3470 -258
3471 -972
3472 748
3473 -168
3474 -165
3475 801
3476 737
3477 355
3478 859
3479 -472
3480 -320
3481 672
3482 -776
3483 998
3484 629
3485 -460
3486 -269
3487 -530
3488 -156
3489 -436
3490 -823
3491 821
3492 -825
3493 -889
3494 420
3495 -64
3496 -749
3497 -79
3498 -682
3499 56
3500 413
3501 638
3502 -128
3503 -532
3504 506
3505 966
3506 -49
3507 679
3508 96
3509 787
3510 -821
3511 399
3512 -492
3513 669
3514 435
3515 -113
3516 -6
3517 -41
3518 -871
3519 -936
3520 70
3521 168
3522 -50
3523 -921
3524 793
3525 -119
3526 368
3527 -813
3528 -727
3529 348
3530 -645
3531 582
3532 255
3533 -818
3534 -29
3535 411
3536 -614
3537 908
3538 390
3539 -557
3540 -655
3541 -375
3542 425
3543 562
3544 -692
3545 721
3546 -835
3547 -323
3548 -922
3549 -765
3550 781
3551 48
3552 507
3553 438
3554 947
3555 619
3556 302
3557 472
3558 -747
3559 684
3560 397
3561 -167
3562 -797
3563 986
3564 -667
3565 -538
3566 -428
3567 -435
3568 312
3569 -828
3570 -153
3571 592
3572 843
3573 -753
3574 724
3575 -688
3576 -851
3577 28
3578 -710
3579 -968
3580 -623
3581 990
3582 663
3583 577
3584 435
3585 338
3586 -914
3587 590
3588 -399
3589 313
3590 -429
3591 -695
3592 -623
3593 -10
3594 -748
3595 942
3596 -249
3597 -711
3598 58
3599 512
3600 -428
3601 -289
3602 -943
3603 -11
3604 -823
3605 -436
3606 113
3607 74
3608 816
3609 412
3610 616
3611 982
3612 -980
3613 676
3614 -528
3615 374
3616 686
3617 -680
3618 -335
3619 41
3620 588
3621 9
3622 -335
3623 -69
3624 806
3625 -979
3626 -676
3627 810
3628 -316
3629 584
3630 -584
3631 946
3632 -358
3633 17
3634 -341
3635 838
3636 -438
3637 -508
3638 -685
3639 821
3640 462
3641 -376
3642 -128
3643 -823
3644 -393
3645 12
3646 -492
3647 -627
3648 -153
3649 646
3650 -652
3651 -942
3652 -764
3653 -292
3654 863
3655 496
3656 600
3657 -834
3658 743
3659 707
3660 -662
3661 -587
3662 262
3663 295
3664 982
3665 -547
3666 -141
3667 197
3668 -68
3669 -163
3670 974
3671 859
3672 -404
3673 -393
3674 -45
3675 -568
3676 -10
3677 -139
3678 -324
3679 910
3680 724
3681 728
3682 314
3683 574
3684 120
3685 126
3686 50
3687 -389
3688 -136
3689 770
3690 -140
3691 888
3692 -738
3693 521
3694 -565
3695 -216
3696 -274
3697 413
3698 749
3699 -587
3700 396
3701 690
3702 -410
3703 780
3704 932
3705 -686
3706 414
3707 -690
3708 432
3709 -605
3710 -676
3711 705
3712 -590
3713 -48
3714 -251
3715 194
3716 -4
3717 -967
3718 -906
3719 118
3720 -567
3721 603
3722 893
3723 -804
3724 -241
3725 -744
3726 301
3727 864
3728 -963
3729 -41
3730 49
3731 873
3732 -221
3733 643
3734 843
3735 778
3736 -386
3737 481
3738 -923
3739 597
3740 -216
3741 453
3742 744
3743 718
3744 728
3745 673
3746 22
3747 279
3748 345
3749 -648
3750 -111
3751 147
3752 -253
3753 75
3754 -364
3755 -494
3756 709
3757 -684
3758 -995
3759 746
3760 -853
3761 -49
3762 67
3763 -22
3764 -990
3765 672
3766 893
3767 -862
3768 835
3769 982
3770 95
3771 313
3772 -64
3773 -290
3774 56
3775 -408
3776 217
3777 667
3778 34
3779 206
3780 -278
3781 401
3782 -553
3783 -794
3784 134
3785 527
3786 -630
3787 613
3788 205
3789 428
3790 795
3791 893
3792 281
3793 -473
3794 464
3795 978
3796 783
3797 325
3798 -827
3799 527
3800 -312
3801 970
3802 -110
3803 330
3804 -849
3805 223
3806 -281
3807 -303
3808 -228
3809 818
3810 437
3811 476
3812 -952
3813 398
3814 -135
3815 417
3816 -482
3817 593
3818 -91
3819 693
3820 684
3821 -581
3822 -114
3823 922
3824 -837
3825 -137
3826 -721
3827 -9
3828 -495
3829 251
3830 -483
3831 -393
3832 414
3833 833
3834 400
3835 -832
3836 -315
3837 -625
3838 -300
3839 -711
3840 -644
3841 -926
3842 -990
3843 962
3844 -203
3845 -532
3846 322
3847 889
3848 909
3849 906
3850 243
3851 -845
3852 961
3853 255
3854 845
3855 -499
3856 -24
3857 153
3858 -709
3859 -876
3860 823
3861 -115
3862 838
3863 -478
3864 -430
3865 -576
3866 -42
3867 441
3868 536
3869 444
3870 -747
3871 -221
3872 -871
3873 0
3874 -811
3875 490
3876 -108
3877 -971
3878 860
3879 958
3880 629
3881 309
3882 -725
3883 365
3884 903
3885 -480
3886 506
3887 851
3888 -461
3889 541
3890 250
3891 -78
3892 -883
3893 -751
3894 556
3895 678
3896 -724
3897 247
3898 -680
3899 -628
3900 535
3901 -342
3902 -1000
3903 -931
3904 -135
3905 284
3906 -551
3907 218
3908 572
3909 654
3910 -264
3911 579
3912 -606
3913 -491
3914 -189
3915 80
3916 905
3917 918
3918 434
3919 554
3920 -280
3921 332
3922 277
3923 -127
3924 362
3925 198
3926 708
3927 -927
3928 14
3929 -116
3930 107
3931 -869
3932 -277
3933 -646
3934 -188
3935 68
3936 881
3937 -513
3938 -296
3939 143
3940 -144
3941 -258
3942 281
3943 863
3944 -89
3945 969
3946 -817
3947 776
3948 -38
3949 52
3950 485
3951 -183
3952 462
3953 442
3954 -821
3955 -886
3956 195
3957 27
3958 -874
3959 -624
3960 40
3961 253
3962 325
3963 -61
3964 948
3965 964
3966 252
3967 835
3968 695
3969 -22
3970 -4
3971 -674
3972 451
3973 566
3974 -633
3975 592
3976 -774
3977 303
3978 874
3979 290
3980 286
3981 -724
3982 -847
3983 135
3984 538
3985 -83
3986 -87
3987 730
3988 -261
3989 691
3990 -995
3991 160
3992 -863
3993 -134
3994 -302
3995 -162
3996 -758
3997 969
3998 -130
3999 -971
4000 -99
4001 -946
4002 -996
4003 -534
4004 843
4005 -97
4006 -436
4007 -596
4008 586
4009 -496
4010 142
4011 -891
4012 218
4013 -245
4014 -213
4015 -652
4016 727
4017 -68
4018 -865
4019 19
4020 -69
4021 858
4022 228
4023 -878
4024 106
4025 459
4026 -520
4027 706
4028 473
4029 -557
4030 -604
4031 -749
4032 985
4033 -198
4034 -120
4035 -502
4036 -358
4037 -665
4038 -529
4039 -349
4040 15
4041 703
4042 -988
4043 -99
4044 -857
4045 -521
4046 -179
4047 -585
4048 954
4049 -716
4050 573
4051 519
4052 -367
4053 808
4054 -703
4055 156
4056 -302
4057 -299
4058 462
4059 -793
4060 -283
4061 -756
4062 738
4063 604
4064 -439
4065 -573
4066 704
4067 280
4068 674
4069 -92
4070 -234
4071 -291
4072 -73
4073 690
4074 -27
4075 715
4076 994
4077 637
4078 85
4079 -425
4080 68
4081 176
4082 -130
4083 582
4084 -514
4085 -809
4086 791
4087 681
4088 -859
4089 988
4090 -677
4091 11
4092 261
4093 706
4094 605
4095 -412
4096 -698
4097 -255
4098 -12
4099 -908
4100 -514
4101 307
4102 361
4103 -507
4104 528
4105 867
4106 69
4107 730
4108 -132
4109 -509
4110 -459
4111 833
4112 168
4113 997
4114 -542
4115 -812
4116 -140
4117 596
4118 -501
4119 534
4120 -176
4121 -177
4122 230
4123 -486
4124 36
4125 544
4126 -470
4127 -938
4128 -268
4129 563
4130 -412
4131 -570
4132 889
4133 101
4134 -168
4135 -1
4136 532
4137 354
4138 574
4139 869
4140 -183
4141 283
4142 651
4143 500
4144 -350
4145 922
4146 230
4147 -35
4148 -380
4149 86
4150 -166
4151 -450
4152 -758
4153 480
4154 858
4155 418
4156 -863
4157 -624
4158 -902
4159 878
4160 -933
4161 -743
4162 -435
4163 336
4164 573
4165 597
4166 -204
4167 713
4168 -135
4169 631
4170 509
4171 -705
4172 313
4173 -461
4174 459
4175 290
4176 609
4177 80
4178 -405
4179 -602
4180 -232
4181 117
4182 -314
4183 118
4184 743
4185 362
4186 747
4187 -256
4188 740
4189 -50
4190 -719
4191 128
4192 103
4193 -66
4194 -458
4195 30
4196 -899
4197 -268
4198 233
4199 -795
4200 191
4201 -337
4202 -18
4203 -834
4204 829
4205 -517
4206 -620
4207 -353
4208 -908
4209 -12
4210 394
4211 678
4212 986
4213 544
4214 120
4215 260
4216 445
4217 -502
4218 397
4219 419
4220 466
4221 -551
4222 -355
4223 -944
4224 990
4225 -820
4226 -821
4227 51
4228 269
4229 859
4230 -903
4231 -260
4232 -244
4233 329
4234 523
4235 57
4236 75
4237 -36
4238 -263
4239 424
4240 407
4241 838
4242 27
4243 72
4244 944
4245 646
4246 -311
4247 -971
4248 -300
4249 -377
4250 -536
4251 -791
4252 -140
4253 -791
4254 841
4255 -527
4256 16
4257 160
4258 -133
4259 -454
4260 -153
4261 -997
4262 -456
4263 -809
4264 -523
4265 933
4266 -360
4267 349
4268 828
4269 -302
4270 -435
4271 803
4272 174
4273 480
4274 145
4275 -889
4276 -489
4277 -130
4278 -818
4279 -592
4280 108
4281 614
4282 -868
4283 604
4284 615
4285 -493
4286 426
4287 804
4288 235
4289 -113
4290 -417
4291 64
4292 -259
4293 99
4294 -409
4295 725
4296 966
4297 -164
4298 881
4299 -828
4300 -370
4301 999
4302 -962
4303 -284
4304 -754
4305 -589
4306 840
4307 92
4308 568
4309 -872
4310 31
4311 -755
4312 871
4313 256
4314 -747
4315 -779
4316 -226
4317 553
4318 -255
4319 -868
4320 485
4321 -693
4322 -459
4323 899
4324 -653
4325 728
4326 981
4327 -633
4328 -369
4329 361
4330 766
4331 588
4332 686
4333 442
4334 374
4335 970
4336 -773
4337 459
4338 -138
4339 -499
4340 -194
4341 -497
4342 -420
4343 158
4344 714
4345 -485
4346 -87
4347 903
4348 -32
4349 -160
4350 -630
4351 -727
4352 604
4353 -770
4354 389
4355 772
4356 -993
4357 967
4358 954
4359 -571
4360 313
4361 -265
4362 290
4363 67
4364 -102
4365 286
4366 -144
4367 255
4368 -952
4369 210
4370 -353
4371 -315
4372 880
4373 361
4374 -875
4375 553
4376 -163
4377 -246
4378 -704
4379 464
4380 248
4381 -458
4382 442
4383 136
4384 -844
4385 -360
4386 -238
4387 121
4388 -267
4389 -300
4390 -389
4391 -882
4392 695
4393 -760
4394 -447
4395 881
4396 -96
4397 -492
4398 -649
4399 -808
4400 -516
4401 546
4402 -854
4403 -528
4404 -571
4405 355
4406 -261
4407 687
4408 929
4409 187
4410 -960
4411 -845
4412 708
4413 570
4414 -602
4415 -950
4416 -163
4417 -620
4418 856
4419 412
4420 173
4421 501
4422 -96
4423 919
4424 -934
4425 -524
4426 951
4427 663
4428 -820
4429 368
4430 -512
4431 -602
4432 30
4433 -499
4434 928
4435 281
4436 -514
4437 598
4438 542
4439 -126
4440 -938
4441 664
4442 -204
4443 -265
4444 4
4445 63
4446 -168
4447 -706
4448 181
4449 582
4450 -466
4451 582
4452 964
4453 66
4454 95
4455 -450
4456 -478
4457 288
4458 532
4459 -455
4460 -490
4461 -313
4462 613
4463 -560
4464 -241
4465 439
4466 -467
4467 164
4468 -114
4469 915
4470 -862
4471 -104
4472 -623
4473 323
4474 232
4475 796
4476 -403
4477 652
4478 279
4479 650
4480 -911
4481 234
4482 -661
4483 469
4484 -968
4485 -529
4486 -579
4487 130
4488 -897
4489 324
4490 -801
4491 -803
4492 817
4493 67
4494 215
4495 -69
4496 640
4497 -396
4498 -313
4499 808
4500 203
4501 -57
4502 -446
4503 496
4504 -439
4505 -761
4506 -218
4507 745
4508 558
4509 290
4510 84
4511 -729
4512 172
4513 -132
4514 945
4515 193
4516 -708
4517 -678
4518 -201
4519 -18
4520 863
4521 96
4522 10
4523 241
4524 -105
4525 -520
4526 -932
4527 -232
4528 -7
4529 -747
4530 -642
4531 -126
4532 -538
4533 -132
4534 458
4535 -762
4536 84
4537 -37
4538 -786
4539 -941
4540 -938
4541 851
4542 438
4543 655
4544 457
4545 -248
4546 -560
4547 929
4548 735
4549 -770
4550 845
4551 612
4552 411
4553 -799
4554 384
4555 -360
4556 -608
4557 -973
4558 -295
4559 -939
4560 185
4561 -322
4562 313
4563 942
4564 -135
4565 -713
4566 350
4567 851
4568 -599
4569 728
4570 -954
4571 -31
4572 282
4573 922
4574 139
4575 294
4576 865
4577 740
4578 696
4579 67
4580 -479
4581 -780
4582 -992
4583 753
4584 812
4585 725
4586 -119
4587 -765
4588 -324
4589 487
4590 -948
4591 -150
4592 -205
4593 -647
4594 168
4595 -337
4596 -449
4597 512
4598 -286
4599 -950
4600 101
4601 159
4602 -375
4603 -574
4604 -859
4605 997
4606 178
4607 -228
4608 -33
4609 731
4610 -476
4611 651
4612 592
4613 -258
4614 -464
4615 13
4616 729
4617 -651
4618 148
4619 -148
4620 -120
4621 686
4622 -585
4623 635
4624 781
4625 930
4626 -881
4627 -331
4628 -459
4629 -224
4630 -197
4631 -833
4632 -864
4633 528
4634 -408
4635 -83
4636 -124
4637 -140
4638 926
4639 -990
4640 42
4641 644
4642 -966
4643 -987
4644 -77
4645 -8
4646 -660
4647 -954
4648 -80
4649 558
4650 -357
4651 -290
4652 -925
4653 933
4654 964
4655 -820
4656 -220
4657 54
4658 289
4659 83
4660 -522
4661 -658
4662 825
4663 -36
4664 -625
4665 -424
4666 882
4667 762
4668 872
4669 -4
4670 846
4671 180
4672 663
4673 -159
4674 995
4675 -448
4676 -58
4677 -306
4678 -778
4679 916
4680 -273
4681 730
4682 -59
4683 -153
4684 -674
4685 -949
4686 453
4687 -712
4688 427
4689 -375
4690 421
4691 -600
4692 933
4693 36
4694 -885
4695 528
4696 185
4697 -301
4698 -116
4699 -350
4700 -694
4701 783
4702 536
4703 588
4704 -374
4705 527
4706 821
4707 12
4708 705
4709 200
4710 308
4711 -672
4712 -466
4713 440
4714 560
4715 626
4716 714
4717 -825
4718 182
4719 -418
4720 -903
4721 -291
4722 -315
4723 102
4724 910
4725 -844
4726 -879
4727 279
4728 -802
4729 -446
4730 -2
4731 308
4732 -671
4733 109
4734 -376
4735 149
4736 517
4737 -559
4738 -182
4739 -206
4740 771
4741 130
4742 -31
4743 837
4744 776
4745 -653
4746 -683
4747 -273
4748 649
4749 -291
4750 131
4751 -59
4752 -613
4753 -681
4754 -836
4755 -366
4756 -782
4757 -496
4758 988
4759 643
4760 97
4761 -451
4762 244
4763 104
4764 96
4765 341
4766 -876
4767 -732
4768 966
4769 -444
4770 586
4771 120
4772 -819
4773 70
4774 76
4775 317
4776 699
4777 -908
4778 434
4779 633
4780 -541
4781 -143
4782 889
4783 -158
4784 -415
4785 -92
4786 744
4787 621
4788 876
4789 850
4790 975
4791 -489
4792 751
4793 927
4794 736
4795 -902
4796 -114
4797 964
4798 -70
4799 -914
4800 -105
4801 -429
4802 -669
4803 -993
4804 -793
4805 -117
4806 53
4807 243
4808 825
4809 -380
4810 -426
4811 415
4812 963
4813 -927
4814 30
4815 412
4816 524
4817 929
4818 -985
4819 -407
4820 500
4821 -346
4822 -15
4823 797
4824 297
4825 494
4826 -76
4827 -92
4828 825
4829 440
4830 -612
4831 -818
4832 70
4833 492
4834 763
4835 71
4836 828
4837 12
4838 -559
4839 -998
4840 620
4841 103
4842 912
4843 119
4844 87
4845 712
4846 73
4847 472
4848 -372
4849 -654
4850 -538
4851 344
4852 -826
4853 -945
4854 -760
4855 428
4856 631
4857 475
4858 731
4859 -641
4860 789
4861 -962
4862 -178
4863 -979
4864 325
4865 944
4866 -901
4867 90
4868 -936
4869 666
4870 525
4871 132
4872 -282
4873 -109
4874 -526
4875 369
4876 -254
4877 -673
4878 -488
4879 399
4880 569
4881 623
4882 -713
4883 -857
4884 -755
4885 -862
4886 -830
4887 873
4888 381
4889 -71
4890 -700
4891 -904
4892 179
4893 719
4894 -866
4895 735
4896 815
4897 -469
4898 781
4899 -251
4900 -53
4901 -194
4902 -734
4903 750
4904 62
4905 596
4906 -573
4907 -362
4908 -313
4909 -556
4910 710
4911 -966
4912 87
4913 799
4914 632
4915 -802
4916 -441
4917 -466
4918 421
4919 -183
4920 800
4921 -931
4922 824
4923 -334
4924 -816
4925 -430
4926 215
4927 972
4928 7
4929 -729
4930 -46
4931 832
4932 220
4933 64
4934 -147
4935 -826
4936 -324
4937 -898
4938 170
4939 123
4940 606
4941 -634
4942 -48
4943 95
4944 587
4945 -764
4946 -741
4947 157
4948 295
4949 -777
4950 352
4951 288
4952 60
4953 -75
4954 -371
4955 110
4956 741
4957 -619
4958 -78
4959 130
4960 -53
4961 309
4962 961
4963 -192
4964 994
4965 598
4966 -133
4967 490
4968 906
4969 -48
4970 -13
4971 -59
4972 -390
4973 -594
4974 -917
4975 370
4976 -324
4977 666
4978 730
4979 974
4980 145
4981 -434
4982 921
4983 -328
4984 -672
4985 -528
4986 59
4987 -756
4988 -646
4989 380
4990 874
4991 404
4992 -190
4993 278
4994 701
4995 -851
4996 -987
4997 -212
4998 -514
4999 271
5000 -837
5001 -985
5002 -717
5003 -284
5004 569
5005 -90
5006 -845
5007 460
5008 306
5009 -488
5010 746
5011 622
5012 945
5013 12
5014 593
5015 -82
5016 -334
5017 45
5018 960
5019 34
5020 -193
5021 -942
5022 -963
5023 79
5024 -71
5025 72
5026 222
5027 -240
5028 667
5029 -710
5030 -669
5031 -766
5032 -826
5033 -84
5034 -483
5035 162
5036 416
5037 846
5038 410
5039 916
5040 414
5041 -186
5042 -346
5043 480
5044 -321
5045 -739
5046 -334
5047 92
5048 -87
5049 161
5050 381
5051 978
5052 -256
5053 -415
5054 -428
5055 -827
5056 726
5057 845
5058 -105
5059 -21
5060 -433
5061 898
5062 584
5063 301
5064 990
5065 -719
5066 823
5067 -367
5068 -594
5069 603
5070 -52
5071 102
5072 334
5073 397
5074 213
5075 -599
5076 591
5077 -9
5078 -485
5079 102
5080 317
5081 542
5082 -317
5083 -551
5084 358
5085 858
5086 -254
5087 -290
5088 -186
5089 294
5090 956
5091 794
5092 623
5093 -170
5094 483
5095 -712
5096 296
5097 580
5098 -169
5099 -53
5100 -722
5101 -492
5102 217
5103 380
5104 680
5105 886
5106 -270
5107 524
5108 397
5109 577
5110 758
5111 370
5112 -186
5113 -366
5114 961
5115 307
5116 -277
5117 147
5118 760
5119 -199
5120 490
5121 -55
5122 478
5123 170
5124 557
5125 965
5126 849
5127 -827
5128 434
5129 -99
5130 -270
5131 -225
5132 850
5133 -826
5134 231
5135 -177
5136 -728
5137 -197
5138 634
5139 895
5140 851
5141 -467
5142 463
5143 -151
5144 779
5145 372
5146 -249
5147 651
5148 -19
5149 296
5150 7
5151 -757
5152 238
5153 222
5154 108
5155 404
5156 894
5157 -345
5158 154
5159 -811
5160 -971
5161 299
5162 -335
5163 454
5164 514
5165 -708
5166 -292
5167 -375
5168 -394
5169 -647
5170 -474
5171 -329
5172 81
5173 -900
5174 -312
5175 -268
5176 344
5177 -654
5178 270
5179 948
5180 -215
5181 -786
5182 926
5183 -686
5184 812
5185 -613
5186 -544
5187 -895
5188 -770
5189 135
5190 -161
5191 939
5192 130
5193 -257
5194 -846
5195 369
5196 -923
5197 390
5198 225
5199 482
5200 907
5201 52
5202 -934
5203 179
5204 -216
5205 -699
5206 107
5207 939
5208 931
5209 -704
5210 -789
5211 105
5212 835
5213 82
5214 -546
5215 -933
5216 -601
5217 -801
5218 -89
5219 -689
5220 -747
5221 17
5222 -742
5223 -470
5224 429
5225 550
5226 523
5227 -214
5228 -290
5229 853
5230 -293
5231 -311
5232 -56
5233 909
5234 389
5235 723
5236 340
5237 -672
5238 495
5239 -809
5240 907
5241 158
5242 568
5243 -758
5244 630
5245 416
5246 135
5247 -933
5248 -454
5249 -563
5250 754
5251 651
5252 -543
5253 -560
5254 -713
5255 863
5256 -782
5257 -64
5258 429
5259 -705
5260 604
5261 -134
5262 -35
5263 -759
5264 313
5265 864
5266 583
5267 -890
5268 723
5269 754
5270 741
5271 -915
5272 731
5273 205
5274 -423
5275 -435
5276 212
5277 418
5278 -867
5279 320
5280 -343
5281 449
5282 -509
5283 244
5284 36
5285 899
5286 -590
5287 591
5288 -694
5289 -537
5290 343
5291 924
5292 880
5293 450
5294 228
5295 96
5296 -625
5297 134
5298 701
5299 184
5300 -733
5301 -592
5302 -628
5303 159
5304 -984
5305 384
5306 -118
5307 878
5308 891
5309 -96
5310 206
5311 -397
5312 732
5313 197
5314 -446
5315 -652
5316 722
5317 -215
5318 -622
5319 -972
5320 310
5321 442
5322 -622
5323 909
5324 -913
5325 786
5326 559
5327 -507
5328 370
5329 645
5330 982
5331 302
5332 -908
5333 -732
5334 194
5335 628
5336 -823
5337 54
5338 -240
5339 98
5340 -203
5341 -655
5342 655
5343 65
5344 -704
5345 89
5346 -978
5347 103
5348 -35
5349 -329
5350 -988
5351 923
5352 -280
5353 -825
5354 999
5355 259
5356 -143
5357 333
5358 446
5359 797
5360 931
5361 669
5362 -186
5363 461
5364 568
5365 -650
5366 394
5367 -978
5368 -216
5369 804
5370 -371
5371 6
5372 -683
5373 -324
5374 -198
5375 -73
5376 476
5377 -206
5378 -584
5379 322
5380 -287
5381 900
5382 136
5383 589
5384 -139
5385 196
5386 524
5387 -460
5388 -640
5389 -850
5390 -880
5391 -51
5392 -908
5393 -503
5394 746
5395 -524
5396 30
5397 169
5398 626
5399 -763
5400 138
5401 880
5402 -369
5403 436
5404 525
5405 -472
5406 -972
5407 -912
5408 -245
5409 -184
5410 -811
5411 966
5412 629
5413 -454
5414 647
5415 -34
5416 -206
5417 -435
5418 954
5419 435
5420 -20
5421 -640
5422 -775
5423 693
5424 990
5425 637
5426 961
5427 -522
5428 -135
5429 -222
5430 855
5431 951
5432 -759
5433 421
5434 207
5435 832
5436 -532
5437 676
5438 -841
5439 752
5440 80
5441 911
5442 -866
5443 -363
5444 186
5445 69
5446 869
5447 703
5448 896
5449 -600
5450 299
5451 -451
5452 -721
5453 477
5454 472
5455 761
5456 -821
5457 -191
5458 -853
5459 -229
5460 -292
5461 -288
5462 232
5463 191
5464 970
5465 879
5466 -681
5467 -576
5468 44
5469 363
5470 135
5471 53
5472 434
5473 145
5474 53
5475 268
5476 513
5477 297
5478 340
5479 -850
5480 -599
5481 690
5482 561
5483 -548
5484 433
5485 -960
5486 -79
5487 838
5488 -953
5489 -868
5490 68
5491 85
5492 145
5493 -453
5494 600
5495 -481
5496 262
5497 10
5498 -415
5499 -973
5500 742
5501 -257
5502 221
5503 -821
5504 -568
5505 744
5506 337
5507 38
5508 -813
5509 440
5510 784
5511 -507
5512 21
5513 -805
5514 90
5515 318
5516 143
5517 495
5518 -227
5519 215
5520 -436
5521 -780
5522 51
5523 373
5524 26
5525 857
5526 -990
5527 423
5528 700
5529 -432
5530 -270
5531 -378
5532 -996
5533 790
5534 284
5535 303
5536 -783
5537 460
5538 -292
5539 206
5540 807
5541 499
5542 -456
5543 -356
5544 147
5545 -484
5546 385
5547 -538
5548 330
5549 -810
5550 -70
5551 -925
5552 -309
5553 411
5554 -163
5555 273
5556 -926
5557 -995
5558 -739
5559 -807
5560 985
5561 447
5562 271
5563 -294
5564 -801
5565 65
5566 -449
5567 696
5568 762
5569 -452
5570 23
5571 -913
5572 986
5573 -902
5574 354
5575 85
5576 -809
5577 289
5578 -819
5579 130
5580 -8
5581 402
5582 -924
5583 581
5584 -314
5585 962
5586 -462
5587 94
5588 1000
5589 -701
5590 60
5591 -72
5592 731
5593 34
5594 827
5595 -578
5596 -921
5597 488
5598 306
5599 509
5600 -766
5601 712
5602 -464
5603 -67
5604 946
5605 -209
5606 747
5607 -668
5608 828
5609 -142
5610 932
5611 -390
5612 372
5613 253
5614 -557
5615 803
5616 -880
5617 413
5618 512
5619 988
5620 -529
5621 -743
5622 -418
5623 -33
5624 999
5625 724
5626 483
5627 -366
5628 -391
5629 -106
5630 -748
5631 -847
5632 536
5633 72
5634 -74
5635 709
5636 160
5637 -821
5638 467
5639 -437
5640 -771
5641 762
5642 113
5643 959
5644 -790
5645 -392
5646 -32
5647 -42
5648 -334
5649 138
5650 20
5651 -157
5652 -879
5653 -795
5654 -940
5655 503
5656 -578
5657 -135
5658 -232
5659 -998
5660 847
5661 -289
5662 568
5663 888
5664 -174
5665 -88
5666 -917
5667 952
5668 301
5669 874
5670 -346
5671 533
5672 47
5673 -935
5674 30
5675 -289
5676 595
5677 -245
5678 348
5679 -31
5680 874
5681 -229
5682 79
5683 22
5684 756
5685 944
5686 -431
5687 -983
5688 -498
5689 16
5690 -93
5691 -524
5692 870
5693 -821
5694 450
5695 906
5696 407
5697 260
5698 514
5699 521
5700 -343
5701 -709
5702 34
5703 724
5704 61
5705 -490
5706 907
5707 -708
5708 -516
5709 -629
5710 -266
5711 -876
5712 519
5713 899
5714 -260
5715 986
5716 488
5717 132
5718 472
5719 -402
5720 425
5721 917
5722 983
5723 -94
5724 -294
5725 -275
5726 -157
5727 -554
5728 -589
5729 -115
5730 -63
5731 339
5732 920
5733 464
5734 851
5735 -439
5736 -831
5737 -286
5738 940
5739 -963
5740 565
5741 557
5742 226
5743 -328
5744 477
5745 866
5746 161
5747 -163
5748 -401
5749 328
5750 364
5751 -401
5752 102
5753 253
5754 353
5755 90
5756 633
5757 -680
5758 799
5759 787
5760 159
5761 -76
5762 -73
5763 -979
5764 -712
5765 517
5766 -758
5767 -862
5768 -272
5769 365
5770 572
5771 -559
5772 38
5773 67
5774 -785
5775 20
5776 321
5777 613
5778 -206
5779 880
5780 708
5781 -367
5782 -79
5783 -513
5784 388
5785 -936
5786 -588
5787 465
5788 922
5789 281
5790 -150
5791 701
5792 859
5793 -263
5794 -687
5795 -453
5796 721
5797 -768
5798 831
5799 594
5800 -42
5801 541
5802 453
5803 -29
5804 184
5805 532
5806 563
5807 -581
5808 -559
5809 -472
5810 646
5811 -599
5812 -392
5813 658
5814 -702
5815 -633
5816 -901
5817 -303
5818 -928
5819 789
5820 -114
5821 -478
5822 -965
5823 -834
5824 227
5825 548
5826 -14
5827 -449
5828 -357
5829 730
5830 652
5831 323
5832 -434
5833 717
5834 -973
5835 -638
5836 -753
5837 727
5838 -706
5839 988
5840 733
5841 393
5842 -272
5843 -97
5844 -14
5845 182
5846 -674
5847 -588
5848 -390
5849 320
5850 896
5851 281
5852 -276
5853 -461
5854 -101
5855 87
5856 283
5857 512
5858 745
5859 -180
5860 -567
5861 634
5862 491
5863 356
5864 553
5865 945
5866 -886
5867 77
5868 -266
5869 -737
5870 694
5871 337
5872 -35
5873 348
5874 -81
5875 -360
5876 -547
5877 -981
5878 966
5879 -419
5880 -810
5881 -220
5882 -614
5883 -267
5884 -392
5885 -272
5886 -967
5887 753
5888 -140
5889 -676
5890 939
5891 541
5892 -473
5893 923
5894 -876
5895 -251
5896 -508
5897 -476
5898 -169
5899 695
5900 21
5901 319
5902 832
5903 -3
5904 78
5905 -573
5906 717
5907 910
5908 733
5909 653
5910 -789
5911 -231
5912 456
5913 786
5914 -128
5915 593
5916 833
5917 90
5918 396
5919 -354
5920 -67
5921 -583
5922 401
5923 958
5924 31
5925 459
5926 -355
5927 -934
5928 962
5929 295
5930 -635
5931 -31
5932 672
5933 -474
5934 -982
5935 -910
5936 -924
5937 -118
5938 759
5939 25
5940 869
5941 -813
5942 -297
5943 -825
5944 753
5945 497
5946 -692
5947 -419
5948 386
5949 -891
5950 904
5951 444
5952 662
5953 976
5954 428
5955 -326
5956 876
5957 242
5958 -596
5959 -948
5960 -420
5961 -553
5962 -503
5963 -372
5964 -980
5965 41
5966 893
5967 290
5968 -636
5969 948
5970 273
5971 648
5972 -91
5973 147
5974 671
5975 202
5976 857
5977 -177
5978 -186
5979 -888
5980 -315
5981 590
5982 86
5983 -550
5984 -892
5985 227
5986 227
5987 959
5988 670
5989 -270
5990 568
5991 323
5992 -399
5993 -885
5994 -418
5995 97
5996 -302
5997 543
5998 97
5999 407
6000 596
6001 -167
6002 -499
6003 692
6004 891
6005 -573
6006 274
6007 -280
6008 376
6009 518
6010 706
6011 904
6012 19
6013 526
6014 452
6015 -464
6016 838
6017 102
6018 -258
6019 180
6020 -261
6021 964
6022 144
6023 -437
6024 998
6025 -221
6026 -976
6027 683
6028 471
6029 -744
6030 -813
6031 696
6032 -587
6033 -17
6034 859
6035 -44
6036 -407
6037 -659
6038 -286
6039 -837
6040 385
6041 745
6042 -483
6043 -313
6044 -441
6045 575
6046 -512
6047 -344
6048 -336
6049 -52
6050 750
6051 -58
6052 658
6053 -829
6054 963
6055 -768
6056 26
6057 128
6058 939
6059 611
6060 935
6061 -119
6062 -731
6063 -715
6064 652
6065 430
6066 313
6067 333
6068 358
6069 -760
6070 -263
6071 558
6072 945
6073 -832
6074 525
6075 447
6076 674
6077 432
6078 538
6079 -936
6080 -893
6081 297
6082 -276
6083 -495
6084 -68
6085 -220
6086 210
6087 661
6088 256
6089 491
6090 825
6091 363
6092 -734
6093 867
6094 663
6095 -279
6096 -283
6097 -325
6098 497
6099 -477
6100 627
6101 306
6102 998
6103 500
6104 284
6105 961
6106 -828
6107 651
6108 -878
6109 344
6110 -620
6111 488
6112 -249
6113 -353
6114 163
6115 868
6116 640
6117 300
6118 -452
6119 -551
6120 -186
6121 527
6122 -37
6123 252
6124 868
6125 -570
6126 410
6127 766
6128 -112
6129 -209
6130 366
6131 93
6132 -967
6133 894
6134 -782
6135 141
6136 -451
6137 288
6138 200
6139 984
6140 993
6141 17
6142 701
6143 355
6144 314
6145 -282
6146 -502
6147 663
6148 520
6149 -93
6150 644
6151 -487
6152 -648
6153 116
6154 260
6155 35
6156 -26
6157 -268
6158 125
6159 -66
6160 190
6161 54
6162 -558
6163 -276
6164 -167
6165 -864
6166 999
6167 492
6168 -83
6169 -826
6170 -889
6171 99
6172 -135
6173 902
6174 -236
6175 196
6176 952
6177 243
6178 -555
6179 543
6180 729
6181 360
6182 68
6183 -970
6184 375
6185 -824
6186 -782
6187 -958
6188 279
6189 142
6190 -413
6191 176
6192 441
6193 -140
6194 536
6195 413
6196 561
6197 296
6198 94
6199 -353
6200 0
6201 -32
6202 832
6203 29
6204 826
6205 -364
6206 368
6207 647
6208 -441
6209 -766
6210 -319
6211 970
6212 439
6213 -915
6214 448
6215 657
6216 -974
6217 -624
6218 56
6219 188
6220 831
6221 286
6222 -77
6223 -984
6224 948
6225 559
6226 -135
6227 -66
6228 -865
6229 53
6230 -34
6231 -953
6232 -469
6233 -980
6234 370
6235 734
6236 525
6237 661
6238 365
6239 412
6240 -469
6241 -196
6242 25
6243 257
6244 -322
6245 -85
6246 -78
6247 872
6248 -188
6249 -132
6250 -239
6251 928
6252 712
6253 564
6254 507
6255 406
6256 -89
6257 -826
6258 -927
6259 370
6260 -596
6261 38
6262 593
6263 -859
6264 -800
6265 890
6266 686
6267 866
6268 -183
6269 -76
6270 71
6271 612
6272 802
6273 6
6274 -242
6275 805
6276 776
6277 -20
6278 -216
6279 868
6280 407
6281 -210
6282 21
6283 742
6284 -814
6285 -245
6286 688
6287 598
6288 -820
6289 -705
6290 822
6291 -829
6292 -408
6293 -763
6294 -311
6295 -138
6296 -768
6297 -536
6298 -980
6299 788
6300 396
6301 -844
6302 -181
6303 407
6304 -231
6305 -206
6306 870
6307 -313
6308 -672
6309 341
6310 -702
6311 -346
6312 -326
6313 -188
6314 648
6315 175
6316 -474
6317 -8
6318 629
6319 -819
6320 -732
6321 -612
6322 -175
6323 909
6324 466
6325 782
6326 -66
6327 -252
6328 -909
6329 174
6330 -185
6331 997
6332 933
6333 -3
6334 -756
6335 36
6336 969
6337 -806
6338 657
6339 571
6340 724
6341 -262
6342 944
6343 -431
6344 -424
6345 -141
6346 -933
6347 790
6348 553
6349 -257
6350 447
6351 241
6352 -989
6353 -414
6354 -907
6355 -210
6356 0
6357 243
6358 -989
6359 -919
6360 146
6361 791
6362 734
6363 -6
6364 595
6365 -743
6366 728
6367 -411
6368 -454
6369 -765
6370 84
6371 -984
6372 -378
6373 875
6374 585
6375 231
6376 -393
6377 330
6378 537
6379 -920
6380 -558
6381 876
6382 -428
6383 653
6384 655
6385 -724
6386 -654
6387 436
6388 -399
6389 -342
6390 -331
6391 -88
6392 140
6393 -95
6394 -174
6395 737
6396 663
6397 592
6398 -182
6399 -226
6400 -694
6401 -938
6402 -225
6403 334
6404 -496
6405 -570
6406 -97
6407 -616
6408 -440
6409 -606
6410 -173
6411 731
6412 -858
6413 -852
6414 516
6415 -216
6416 145
6417 -710
6418 -973
6419 652
6420 24
6421 -888
6422 819
6423 548
6424 -817
6425 679
6426 909
6427 332
6428 96
6429 763
6430 -442
6431 -685
6432 -710
6433 -62
6434 576
6435 858
6436 -468
6437 997
6438 828
6439 140
6440 -814
6441 -21
6442 -984
6443 -448
6444 -753
6445 507
6446 -947
6447 -809
6448 -828
6449 297
6450 280
6451 874
6452 307
6453 225
6454 74
6455 -120
6456 -515
6457 316
6458 384
6459 46
6460 -605
6461 357
6462 -819
6463 677
6464 146
6465 262
6466 -830
6467 -910
6468 -708
6469 -212
6470 -414
6471 348
6472 -239
6473 -737
6474 -679
6475 86
6476 155
6477 987
6478 -442
6479 293
6480 770
6481 -661
6482 -431
6483 -112
6484 -391
6485 729
6486 314
6487 216
6488 859
6489 -78
6490 802
6491 764
6492 157
6493 195
6494 -124
6495 269
6496 228
6497 815
6498 440
6499 -110
6500 -212
6501 362
6502 116
6503 -749
6504 859
6505 -369
6506 121
6507 -910
6508 -10
6509 513
6510 -638
6511 647
6512 977
6513 723
6514 532
6515 -481
6516 -816
6517 -345
6518 835
6519 466
6520 319
6521 475
6522 328
6523 -456
6524 -337
6525 -978
6526 492
6527 810
6528 532
6529 882
6530 338
6531 991
6532 258
6533 -269
6534 629
6535 -791
6536 -516
6537 204
6538 813
6539 68
6540 -14
6541 -291
6542 492
6543 -18
6544 756
6545 143
6546 184
6547 -921
6548 122
6549 735
6550 -898
6551 -709
6552 -111
6553 682
6554 419
6555 -783
6556 -824
6557 996
6558 842
6559 295
6560 159
6561 586
6562 735
6563 897
6564 -457
6565 868
6566 -947
6567 342
6568 -523
6569 -419
6570 -532
6571 -801
6572 594
6573 946
6574 -366
6575 794
6576 830
6577 162
6578 -916
6579 69
6580 -645
6581 772
6582 -169
6583 639
6584 955
6585 315
6586 -371
6587 154
6588 -970
6589 544
6590 -442
6591 -942
6592 -531
6593 -567
6594 -420
6595 -673
6596 981
6597 -200
6598 -561
6599 -876
6600 724
6601 522
6602 -385
6603 -128
6604 366
6605 -282
6606 -984
6607 -37
6608 249
6609 296
6610 370
6611 -90
6612 770
6613 -230
6614 -826
6615 -865
6616 674
6617 -163
6618 -193
6619 733
6620 40
6621 198
6622 789
6623 -245
6624 468
6625 932
6626 -346
6627 -854
6628 -791
6629 -58
6630 850
6631 -215
6632 182
6633 -619
6634 810
6635 -223
6636 -887
6637 -626
6638 644
6639 387
6640 697
6641 437
6642 -22
6643 978
6644 265
6645 615
6646 -517
6647 797
6648 -310
6649 270
6650 -655
6651 -631
6652 -468
6653 -534
6654 963
6655 436
6656 -974
6657 -198
6658 461
6659 -305
6660 689
6661 974
6662 -548
6663 9
6664 -392
6665 236
6666 344
6667 -57
6668 -761
6669 64
6670 892
6671 603
6672 -35
6673 -907
6674 279
6675 964
6676 33
6677 75
6678 975
6679 230
6680 -136
6681 -888
6682 276
6683 964
6684 328
6685 505
6686 -386
6687 6
6688 126
6689 153
6690 674
6691 919
6692 -58
6693 -863
6694 -358
6695 254
6696 446
6697 548
6698 -176
6699 500
6700 724
6701 240
6702 287
6703 266
6704 222
6705 988
6706 -240
6707 -504
6708 -693
6709 63
6710 -406
6711 -898
6712 570
6713 911
6714 49
6715 -640
6716 168
6717 -219
6718 716
6719 961
6720 152
6721 -785
6722 -968
6723 -183
6724 364
6725 62
6726 984
6727 -622
6728 -779
6729 204
6730 -707
6731 -526
6732 699
6733 390
6734 -174
6735 361
6736 -845
6737 -794
6738 -145
6739 147
6740 855
6741 181
6742 586
6743 587
6744 821
6745 -825
6746 763
6747 -852
6748 -321
6749 389
6750 -847
6751 208
6752 955
6753 -372
6754 405
6755 886
6756 -700
6757 -436
6758 -249
6759 -152
6760 -296
6761 981
6762 -216
6763 -477
6764 886
6765 316
6766 -647
6767 620
6768 -951
6769 480
6770 -244
6771 95
6772 431
6773 521
6774 391
6775 -301
6776 92
6777 -124
6778 -527
6779 488
6780 842
6781 -349
6782 967
6783 954
6784 -417
6785 -287
6786 -119
6787 -834
6788 119
6789 -83
6790 889
6791 569
6792 642
6793 -374
6794 -142
6795 399
6796 602
6797 -668
6798 855
6799 -965
6800 -594
6801 -578
6802 24
6803 -673
6804 992
6805 -244
6806 143
6807 -496
6808 544
6809 -713
6810 -865
6811 -746
6812 739
6813 -832
6814 627
6815 913
6816 -869
6817 34
6818 851
6819 459
6820 950
6821 -2
6822 804
6823 -737
6824 -489
6825 959
6826 -558
6827 -27
6828 -871
6829 787
6830 -65
6831 972
6832 785
6833 160
6834 969
6835 354
6836 -991
6837 989
6838 -475
6839 -308
6840 230
6841 1000
6842 202
6843 921
6844 747
6845 89
6846 357
6847 182
6848 -633
6849 507
6850 -111
6851 453
6852 806
6853 134
6854 -388
6855 864
6856 845
6857 800
6858 -592
6859 577
6860 -745
6861 945
6862 245
6863 344
6864 -724
6865 323
6866 -579
6867 -295
6868 603
6869 -954
6870 -561
6871 381
6872 506
6873 -556
6874 -897
6875 175
6876 -420
6877 -778
6878 -460
6879 -744
6880 -871
6881 -952
6882 -746
6883 -833
6884 -879
6885 515
6886 -731
6887 145
6888 559
6889 215
6890 -698
6891 294
6892 -821
6893 318
6894 61
6895 -181
6896 -50
6897 272
6898 443
6899 436
6900 -282
6901 730
6902 263
6903 -579
6904 390
6905 209
6906 -807
6907 947
6908 -982
6909 -277
6910 -624
6911 442
6912 270
6913 211
6914 155
6915 789
6916 -982
6917 -198
6918 -875
6919 -679
6920 -710
6921 -568
6922 851
6923 19
6924 -90
6925 -807
6926 -47
6927 -390
6928 285
6929 -914
6930 -826
6931 -958
6932 32
6933 686
6934 -824
6935 -210
6936 -818
6937 -561
6938 -274
6939 705
6940 -27
6941 763
6942 -213
6943 407
6944 -828
6945 -340
6946 -267
6947 -245
6948 -656
6949 -468
6950 877
6951 367
6952 854
6953 -781
6954 36
6955 597
6956 877
6957 610
6958 42
6959 -572
6960 -381
6961 -669
6962 909
6963 -418
6964 -985
6965 -180
6966 -588
6967 318
6968 347
6969 632
6970 61
6971 -204
6972 457
6973 364
6974 -850
6975 -30
6976 246
6977 726
6978 -470
6979 371
6980 -384
6981 -565
6982 383
6983 -626
6984 629
6985 -151
6986 465
6987 408
6988 -35
6989 698
6990 960
6991 101
6992 -993
6993 839
6994 927
6995 -372
6996 -923
6997 373
6998 -874
6999 -810
7000 -380
7001 510
7002 738
7003 763
7004 -611
7005 -460
7006 -707
7007 -202
7008 -585
7009 -298
7010 564
7011 -515
7012 465
7013 102
7014 34
7015 746
7016 -330
7017 -209
7018 -729
7019 -295
7020 244
7021 627
7022 -81
7023 -746
7024 -920
7025 -895
7026 817
7027 661
7028 451
7029 -458
7030 -162
7031 325
7032 -125
7033 330
7034 724
7035 -365
7036 -845
7037 556
7038 952
7039 840
7040 418
7041 -200
7042 791
7043 -499
7044 272
7045 -859
7046 311
7047 838
7048 710
7049 -80
7050 -987
7051 -324
7052 -628
7053 -181
7054 -413
7055 844
7056 -19
7057 -603
7058 81
7059 73
7060 -984
7061 -548
7062 645
7063 349
7064 611
7065 -726
7066 424
7067 278
7068 373
7069 -74
7070 609
7071 420
7072 44
7073 -329
7074 -577
7075 554
7076 -295
7077 -811
7078 439
7079 770
7080 897
7081 50
7082 159
7083 766
7084 -617
7085 -916
7086 165
7087 -226
7088 -413
7089 -27
7090 17
7091 419
7092 -96
7093 781
7094 64
7095 -373
7096 -823
7097 778
7098 826
7099 337
7100 188
7101 -245
7102 -471
7103 926
7104 -63
7105 460
7106 379
7107 720
7108 -232
7109 515
7110 -682
7111 -826
7112 -319
7113 544
7114 485
7115 -623
7116 -669
7117 -936
7118 98
7119 681
7120 -69
7121 -974
7122 -853
7123 220
7124 535
7125 -805
7126 362
7127 -743
7128 51
7129 685
7130 -483
7131 54
7132 348
7133 135
7134 156
7135 -886
7136 -89
7137 433
7138 -51
7139 736
7140 -790
7141 729
7142 -790
7143 -842
7144 287
7145 971
7146 -879
7147 -81
7148 925
7149 -818
7150 661
7151 1
7152 4
7153 -401
7154 208
7155 632
7156 206
7157 -786
7158 -280
7159 -179
7160 309
7161 951
7162 929
7163 13
7164 -145
7165 194
7166 48
7167 74
7168 276
7169 -328
7170 -831
7171 968
7172 -902
7173 316
7174 -21
7175 593
7176 552
7177 -878
7178 872
7179 -838
7180 951
7181 788
7182 40
7183 903
7184 967
7185 52
7186 -258
7187 370
7188 108
7189 -50
7190 964
7191 363
7192 519
7193 583
7194 -894
7195 741
7196 762
7197 714
7198 920
7199 742
7200 -747
7201 276
7202 948
7203 206
7204 -842
7205 -7
7206 -409
7207 -949
7208 -484
7209 343
7210 39
7211 809
7212 -469
7213 532
7214 -287
7215 179
7216 -315
7217 -346
7218 -762
7219 -166
7220 -941
7221 -756
7222 579
7223 367
7224 902
7225 782
7226 -68
7227 635
7228 -825
7229 791
7230 20
7231 -411
7232 -620
7233 690
7234 660
7235 -882
7236 425
7237 674
7238 75
7239 -810
7240 -450
7241 690
7242 219
7243 860
7244 -805
7245 248
7246 -686
7247 -739
7248 -131
7249 -936
7250 394
7251 217
7252 133
7253 -174
7254 148
7255 -467
7256 -46
7257 -861
7258 159
7259 682
7260 -682
7261 75
7262 138
7263 -690
7264 483
7265 506
7266 27
7267 726
7268 -207
7269 951
7270 -284
7271 -480
7272 -958
7273 -943
7274 -785
7275 546
7276 -803
7277 -564
7278 476
7279 526
7280 -632
7281 -540
7282 77
7283 700
7284 425
7285 373
7286 708
7287 -55
7288 -795
7289 705
7290 -210
7291 61
7292 819
7293 -212
7294 -573
7295 -976
7296 839
7297 179
7298 -586
7299 -173
7300 -414
7301 -694
7302 -610
7303 -278
7304 283
7305 422
7306 70
7307 850
7308 821
7309 -189
7310 -495
7311 -417
7312 -174
7313 500
7314 535
7315 -421
7316 836
7317 220
7318 7
7319 -863
7320 -574
7321 -717
7322 482
7323 -154
7324 67
7325 560
7326 901
7327 948
7328 -280
7329 -287
7330 -992
7331 110
7332 -265
7333 827
7334 794
7335 203
7336 761
7337 -20
7338 -837
7339 -353
7340 169
7341 -118
7342 -62
7343 -344
7344 15
7345 -668
7346 -994
7347 849
7348 -751
7349 -555
7350 -980
7351 85
7352 -559
7353 135
7354 -173
7355 401
7356 -625
7357 263
7358 671
7359 277
7360 -699
7361 478
7362 -545
7363 -308
7364 692
7365 422
7366 -516
7367 667
7368 -736
7369 61
7370 -995
7371 -888
7372 547
7373 442
7374 -15
7375 203
7376 -264
7377 -543
7378 -828
7379 -344
7380 692
7381 96
7382 948
7383 -510
7384 -792
7385 -111
7386 -131
7387 -780
7388 550
7389 -991
7390 127
7391 141
7392 776
7393 -37
7394 -806
7395 -189
7396 -751
7397 -173
7398 -503
7399 116
7400 286
7401 -200
7402 422
7403 -116
7404 -802
7405 382
7406 42
7407 -429
7408 -392
7409 -192
7410 -386
7411 -178
7412 890
7413 280
7414 566
7415 394
7416 -763
7417 493
7418 447
7419 -72
7420 935
7421 869
7422 -318
7423 573
7424 677
7425 -530
7426 -539
7427 657
7428 -290
7429 665
7430 -638
7431 -372
7432 462
7433 329
7434 -335
7435 -963
7436 -903
7437 -58
7438 -857
7439 777
7440 -447
7441 -194
7442 838
7443 392
7444 -738
7445 592
7446 522
7447 -217
7448 -233
7449 878
7450 46
7451 770
7452 223
7453 346
7454 -506
7455 920
7456 -847
7457 677
7458 809
7459 -651
7460 932
7461 411
7462 23
7463 325
7464 686
7465 -419
7466 -803
7467 848
7468 -193
7469 -858
7470 -550
7471 -444
7472 -153
7473 -250
7474 -649
7475 640
7476 772
7477 436
7478 -222
7479 990
7480 -261
7481 380
7482 472
7483 945
7484 596
7485 -488
7486 235
7487 -402
7488 893
7489 904
7490 -441
7491 -67
7492 0
7493 423
7494 395
7495 523
7496 935
7497 272
7498 458
7499 -439
7500 74
7501 -820
7502 -907
7503 -90
7504 931
7505 -868
7506 -251
7507 621
7508 854
7509 -640
7510 409
7511 649
7512 429
7513 -838
7514 249
7515 -313
7516 489
7517 -538
7518 773
7519 -156
7520 394
7521 -193
7522 -52
7523 774
7524 439
7525 12
7526 -357
7527 -136
7528 631
7529 -309
7530 -222
7531 301
7532 776
7533 -588
7534 -240
7535 -514
7536 955
7537 897
7538 749
7539 965
7540 718
7541 -127
7542 -636
7543 -608
7544 -309
7545 127
7546 -18
7547 248
7548 710
7549 -894
7550 -705
7551 343
7552 3
7553 425
7554 903
7555 624
7556 -814
7557 955
7558 -269
7559 -5
7560 436
7561 -467
7562 -311
7563 -77
7564 -471
7565 469
7566 87
7567 47
7568 397
7569 995
7570 -758
7571 569
7572 301
7573 137
7574 125
7575 508
7576 -339
7577 776
7578 -788
7579 -105
7580 -103
7581 85
7582 -130
7583 -751
7584 417
7585 631
7586 696
7587 667
7588 109
7589 496
7590 263
7591 -737
7592 70
7593 -856
7594 -911
7595 364
7596 837
7597 417
7598 -695
7599 -73
7600 693
7601 -33
7602 -354
7603 -312
7604 -683
7605 335
7606 271
7607 134
7608 15
7609 675
7610 886
7611 82
7612 502
7613 -211
7614 82
7615 17
7616 -870
7617 -120
7618 -728
7619 186
7620 -773
7621 -54
7622 -541
7623 -646
7624 175
7625 676
7626 -556
7627 -962
7628 -541
7629 -30
7630 -981
7631 -746
7632 -844
7633 702
7634 228
7635 -741
7636 -67
7637 -57
7638 292
7639 -355
7640 -72
7641 -952
7642 -582
7643 -88
7644 61
7645 -630
7646 866
7647 892
7648 547
7649 -450
7650 644
7651 -96
7652 529
7653 -697
7654 274
7655 399
7656 341
7657 165
7658 -178
7659 -705
7660 510
7661 -108
7662 973
7663 137
7664 741
7665 277
7666 -9
7667 266
7668 265
7669 185
7670 -775
7671 590
7672 52
7673 574
7674 -56
7675 -229
7676 -585
7677 -916
7678 -207
7679 578
7680 929
7681 -173
7682 -651
7683 178
7684 364
7685 -806
7686 844
7687 769
7688 362
7689 536
7690 -775
7691 -38
7692 -410
7693 -822
7694 -645
7695 -320
7696 423
7697 383
7698 316
7699 990
7700 851
7701 282
7702 629
7703 716
7704 -208
7705 -286
7706 -595
7707 324
7708 -323
7709 330
7710 -450
7711 -762
7712 -878
7713 -241
7714 302
7715 -892
7716 -846
7717 -490
7718 -85
7719 971
7720 -778
7721 399
7722 -392
7723 -481
7724 -512
7725 -2
7726 260
7727 -390
7728 -302
7729 -853
7730 14
7731 -746
7732 -967
7733 -818
7734 197
7735 -687
7736 -968
7737 -466
7738 441
7739 849
7740 811
7741 631
7742 905
7743 865
7744 -632
7745 -731
7746 -4
7747 365
7748 324
7749 809
7750 435
7751 366
7752 213
7753 937
7754 -291
7755 982
7756 491
7757 -41
7758 325
7759 592
7760 251
7761 557
7762 346
7763 350
7764 869
7765 777
7766 826
7767 408
7768 546
7769 -495
7770 620
7771 298
7772 -182
7773 -955
7774 234
7775 559
7776 137
7777 607
7778 -311
7779 -351
7780 -518
7781 -531
7782 896
7783 -676
7784 322
7785 602
7786 628
7787 748
7788 126
7789 -273
7790 382
7791 173
7792 -583
7793 -770
7794 821
7795 -998
7796 441
7797 -571
7798 368
7799 927
7800 -509
7801 -35
7802 318
7803 -165
7804 -80
7805 357
7806 -594
7807 153
7808 376
7809 -909
7810 -724
7811 953
7812 -216
7813 -689
7814 707
7815 -434
7816 -723
7817 418
7818 -550
7819 764
7820 645
7821 458
7822 -876
7823 -174
7824 683
7825 -2
7826 816
7827 123
7828 -452
7829 -437
7830 -871
7831 -580
7832 944
7833 -571
7834 -883
7835 -69
7836 424
7837 -821
7838 507
7839 -449
7840 -839
7841 -894
7842 78
7843 -191
7844 338
7845 -129
7846 -721
7847 637
7848 76
7849 538
7850 326
7851 294
7852 331
7853 -315
7854 -91
7855 2
7856 -752
7857 647
7858 320
7859 156
7860 -820
7861 444
7862 -202
7863 -512
7864 -290
7865 -92
7866 -601
7867 167
7868 -470
7869 923
7870 -640
7871 -242
7872 -852
7873 -292
7874 751
7875 21
7876 463
7877 890
7878 367
7879 -306
7880 746
7881 -608
7882 -323
7883 -133
7884 849
7885 139
7886 278
7887 150
7888 -829
7889 285
7890 -962
7891 545
7892 -598
7893 -978
7894 618
7895 -91
7896 -310
7897 -134
7898 -17
7899 -451
7900 -94
7901 733
7902 378
7903 -407
7904 222
7905 759
7906 857
7907 -863
7908 76
7909 130
7910 -357
7911 102
7912 133
7913 764
7914 -917
7915 992
7916 817
7917 570
7918 -811
7919 -899
7920 -388
7921 251
7922 -336
7923 120
7924 -574
7925 635
7926 -766
7927 -11
7928 -824
7929 388
7930 -186
7931 813
7932 -466
7933 -929
7934 763
7935 -523
7936 -627
7937 -490
7938 356
7939 689
7940 844
7941 -725
7942 -973
7943 903
7944 629
7945 860
7946 398
7947 -98
7948 -51
7949 -245
7950 36
7951 -951
7952 79
7953 -700
7954 765
7955 -987
7956 144
7957 361
7958 475
7959 931
7960 -337
7961 -460
7962 727
7963 902
7964 -740
7965 197
7966 -285
7967 985
7968 368
7969 153
7970 -748
7971 169
7972 63
7973 846
7974 -225
7975 499
7976 163
7977 308
7978 77
7979 -83
7980 895
7981 -612
7982 -117
7983 -349
7984 -119
7985 753
7986 625
7987 917
7988 387
7989 -517
7990 -343
7991 -128
7992 121
7993 -237
7994 -164
7995 -47
7996 610
7997 893
7998 -27
7999 617
8000 -900
8001 -286
8002 -275
8003 -502
8004 -108
8005 -516
8006 178
8007 122
8008 894
8009 -234
8010 -684
8011 431
8012 547
8013 107
8014 -681
8015 207
8016 717
8017 527
8018 44
8019 -860
8020 888
8021 881
8022 161
8023 -571
8024 810
8025 -472
8026 406
8027 926
8028 -854
8029 425
8030 666
8031 -817
8032 757
8033 -619
8034 717
8035 647
8036 -61
8037 -54
8038 634
8039 -129
8040 -245
8041 924
8042 -62
8043 407
8044 150
8045 -617
8046 -122
8047 409
8048 -49
8049 817
8050 -258
8051 755
8052 760
8053 -321
8054 -177
8055 995
8056 -570
8057 -614
8058 239
8059 -405
8060 89
8061 -325
8062 486
8063 -231
8064 532
8065 -591
8066 -392
8067 -469
8068 -704
8069 119
8070 412
8071 6
8072 -864
8073 606
8074 -248
8075 -3
8076 -518
8077 83
8078 679
8079 -566
8080 422
8081 502
8082 -888
8083 -4
8084 -242
8085 -801
8086 -83
8087 -943
8088 -292
8089 -294
8090 -752
8091 423
8092 -896
8093 -403
8094 40
8095 265
8096 -461
8097 193
8098 -516
8099 -529
8100 251
8101 253
8102 -108
8103 -588
8104 185
8105 -860
8106 -436
8107 -913
8108 41
8109 -300
8110 476
8111 -803
8112 -413
8113 926
8114 -997
8115 -970
8116 453
8117 -397
8118 7
8119 -687
8120 124
8121 526
8122 -972
8123 -164
8124 -956
8125 -390
8126 -550
8127 -444
8128 234
8129 259
8130 709
8131 -289
8132 154
8133 -530
8134 963
8135 612
8136 -556
8137 846
8138 -409
8139 845
8140 -982
8141 -79
8142 -649
8143 -906
8144 217
8145 757
8146 410
8147 -553
8148 -603
8149 849
8150 14
8151 760
8152 -2
8153 32
8154 -794
8155 -480
8156 889
8157 -106
8158 -139
8159 7
8160 -664
8161 -292
8162 546
8163 562
8164 34
8165 -134
8166 494
8167 913
8168 46
8169 -836
8170 793
8171 147
8172 972
8173 -64
8174 -690
8175 192
8176 737
8177 471
8178 827
8179 588
8180 -529
8181 165
8182 664
8183 -598
8184 -746
8185 312
8186 358
8187 -210
8188 39
8189 406
8190 -663
8191 -874
8192 12
8193 -876
8194 867
8195 363
8196 -525
8197 -116
8198 86
8199 -789
8200 562
8201 -308
8202 844
8203 -550
8204 587
8205 -328
8206 861
8207 33
8208 -688
8209 -717
8210 668
8211 -540
8212 -300
8213 592
8214 383
8215 616
8216 -449
8217 -220
8218 688
8219 -684
8220 827
8221 840
8222 132
8223 229
8224 -191
8225 -735
8226 -917
8227 -614
8228 937
8229 193
8230 494
8231 751
8232 -835
8233 319
8234 -54
8235 -741
8236 785
8237 207
8238 -829
8239 -869
8240 -312
8241 395
8242 -296
8243 -438
8244 -805
8245 -274
8246 269
8247 -141
8248 459
8249 -514
8250 806
8251 63
8252 712
8253 72
8254 840
8255 -744
8256 600
8257 281
8258 -483
8259 -243
8260 31
8261 -316
8262 651
8263 -401
8264 -486
8265 249
8266 -32
8267 918
8268 -397
8269 -817
8270 -712
8271 145
8272 286
8273 -337
8274 423
8275 69
8276 184
8277 -392
8278 920
8279 879
8280 424
8281 562
8282 -279
8283 -807
8284 360
8285 771
8286 -3
8287 67
8288 919
8289 -831
8290 -830
8291 -69
8292 -320
8293 -15
8294 -792
8295 -474
8296 191
8297 510
8298 930
8299 -360
8300 491
8301 -803
8302 259
8303 867
8304 469
8305 622
8306 601
8307 -235
8308 -470
8309 918
8310 713
8311 -233
8312 -844
8313 -409
8314 -298
8315 -427
8316 368
8317 295
8318 49
8319 895
8320 -163
8321 924
8322 57
8323 -730
8324 -601
8325 37
8326 540
8327 -235
8328 123
8329 831
8330 778
8331 776
8332 -22
8333 523
8334 -987
8335 -492
8336 267
8337 748
8338 -204
8339 195
8340 612
8341 -42
8342 -118
8343 956
8344 300
8345 -624
8346 -584
8347 616
8348 -998
8349 -992
8350 -582
8351 500
8352 304
8353 537
8354 28
8355 -338
8356 -262
8357 -435
8358 -91
8359 967
8360 278
8361 -538
8362 -645
8363 271
8364 -601
8365 -739
8366 -534
8367 -364
8368 605
8369 -675
8370 -266
8371 -862
8372 397
8373 208
8374 581
8375 68
8376 887
8377 980
8378 -109
8379 30
8380 925
8381 304
8382 254
8383 -334
8384 464
8385 -74
8386 406
8387 106
8388 -304
8389 -934
8390 335
8391 -620
8392 521
8393 802
8394 -757
8395 477
8396 266
8397 -98
8398 -466
8399 -2
8400 -643
8401 -63
8402 29
8403 -829
8404 708
8405 -278
8406 363
8407 251
8408 288
8409 824
8410 481
8411 -344
8412 731
8413 996
8414 -10
8415 780
8416 430
8417 -173
8418 -443
8419 -44
8420 -990
8421 -816
8422 20
8423 -755
8424 -518
8425 366
8426 -757
8427 749
8428 920
8429 945
8430 -878
8431 310
8432 -380
8433 726
8434 -192
8435 539
8436 -984
8437 571
8438 78
8439 436
8440 -584
8441 731
8442 -619
8443 -904
8444 726
8445 -968
8446 249
8447 968
8448 -319
8449 18
8450 513
8451 937
8452 487
8453 -457
8454 240
8455 -691
8456 100
8457 122
8458 939
8459 -732
8460 418
8461 236
8462 -601
8463 104
8464 -819
8465 -296
8466 773
8467 -954
8468 635
8469 882
8470 385
8471 -657
8472 973
8473 -497
8474 898
8475 -397
8476 965
8477 53
8478 -303
8479 630
8480 -916
8481 561
8482 482
8483 -23
8484 548
8485 -881
8486 688
8487 31
8488 -885
8489 -83
8490 -377
8491 -755
8492 460
8493 744
8494 917
8495 -996
8496 928
8497 -535
8498 -643
8499 -418
8500 -374
8501 -762
8502 719
8503 121
8504 -106
8505 -530
8506 681
8507 -978
8508 -946
8509 -570
8510 882
8511 -59
8512 369
8513 579
8514 925
8515 890
8516 -410
8517 -895
8518 -577
8519 -530
8520 -433
8521 -988
8522 409
8523 -432
8524 170
8525 342
8526 875
8527 -988
8528 100
8529 -45
8530 -634
8531 776
8532 660
8533 -949
8534 -560
8535 -383
8536 -269
8537 -214
8538 -871
8539 -62
8540 -806
8541 841
8542 92
8543 345
8544 656
8545 -893
8546 177
8547 912
8548 -935
8549 307
8550 -843
8551 499
8552 120
8553 137
8554 517
8555 -38
8556 -774
8557 -797
8558 -298
8559 617
8560 297
8561 -243
8562 173
8563 296
8564 -703
8565 -885
8566 968
8567 -367
8568 -524
8569 865
8570 561
8571 169
8572 -952
8573 873
8574 -148
8575 -819
8576 772
8577 -621
8578 229
8579 424
8580 390
8581 -488
8582 -526
8583 -539
8584 -509
8585 275
8586 -605
8587 -651
8588 -260
8589 221
8590 -493
8591 493
8592 -930
8593 235
8594 669
8595 232
8596 452
8597 371
8598 -952
8599 -851
8600 631
8601 496
8602 -936
8603 989
8604 -665
8605 437
8606 -351
8607 352
8608 713
8609 936
8610 -150
8611 -495
8612 693
8613 -262
8614 -437
8615 -523
8616 908
8617 -77
8618 -252
8619 -882
8620 -404
8621 -866
8622 -749
8623 764
8624 89
8625 483
8626 -596
8627 -17
8628 -101
8629 -631
8630 951
8631 232
8632 -414
8633 285
8634 -933
8635 728
8636 318
8637 371
8638 641
8639 790
8640 -880
8641 -887
8642 232
8643 -156
8644 119
8645 -145
8646 183
8647 623
8648 -215
8649 -869
8650 -386
8651 -607
8652 -603
8653 -532
8654 112
8655 731
8656 967
8657 -453
8658 -299
8659 750
8660 -583
8661 753
8662 -429
8663 -561
8664 -626
8665 446
8666 179
8667 -474
8668 -787
8669 -811
8670 -147
8671 -152
8672 -613
8673 -786
8674 -706
8675 -582
8676 12
8677 -412
8678 373
8679 -714
8680 -598
8681 237
8682 -221
8683 967
8684 -223
8685 -808
8686 141
8687 22
8688 493
8689 730
8690 406
8691 -721
8692 -130
8693 -219
8694 -870
8695 -323
8696 -610
8697 394
8698 40
8699 -295
8700 -418
8701 974
8702 -644
8703 171
8704 -538
8705 195
8706 -544
8707 479
8708 909
8709 -161
8710 -22
8711 898
8712 593
8713 322
8714 20
8715 -821
8716 -832
8717 161
8718 -601
8719 -559
8720 932
8721 513
8722 827
8723 385
8724 77
8725 333
8726 178
8727 357
8728 -689
8729 -588
8730 -997
8731 -508
8732 73
8733 504
8734 264
8735 -279
8736 395
8737 -988
8738 -521
8739 6
8740 615
8741 -917
8742 -512
8743 -126
8744 -937
8745 141
8746 -218
8747 -416
8748 359
8749 435
8750 -783
8751 178
8752 928
8753 348
8754 159
8755 213
8756 -70
8757 -385
8758 -963
8759 -498
8760 -100
8761 372
8762 819
8763 -736
8764 -745
8765 413
8766 433
8767 874
8768 690
8769 -922
8770 952
8771 -673
8772 -842
8773 -552
8774 -175
8775 955
8776 -486
8777 -575
8778 -787
8779 129
8780 112
8781 -131
8782 120
8783 548
8784 529
8785 -853
8786 625
8787 -549
8788 964
8789 -610
8790 -952
8791 -775
8792 641
8793 -234
8794 -912
8795 -580
8796 990
8797 155
8798 -289
8799 -49
8800 -774
8801 567
8802 781
8803 -491
8804 -326
8805 -367
8806 599
8807 33
8808 -770
8809 -734
8810 791
8811 -316
8812 475
8813 -300
8814 688
8815 387
8816 804
8817 687
8818 -986
8819 -447
8820 -224
8821 354
8822 623
8823 110
8824 -711
8825 590
8826 719
8827 -128
8828 -791
8829 360
8830 -372
8831 721
8832 706
8833 616
8834 -457
8835 -986
8836 95
8837 -650
8838 -126
8839 708
8840 -824
8841 -758
8842 -308
8843 281
8844 860
8845 303
8846 551
8847 -922
8848 -818
8849 835
8850 -398
8851 723
8852 -156
8853 695
8854 613
8855 743
8856 -130
8857 -416
8858 -200
8859 35
8860 786
8861 -154
8862 482
8863 -353
8864 477
8865 -823
8866 999
8867 969
8868 194
8869 783
8870 508
8871 320
8872 853
8873 -570
8874 -555
8875 -848
8876 663
8877 -416
8878 203
8879 -840
8880 -834
8881 954
8882 21
8883 755
8884 -874
8885 774
8886 714
8887 649
8888 865
8889 -593
8890 -239
8891 641
8892 763
8893 422
8894 71
8895 433
8896 -578
8897 757
8898 160
8899 667
8900 865
8901 -33
8902 -785
8903 547
8904 583
8905 -948
8906 327
8907 -801
8908 805
8909 130
8910 842
8911 934
8912 -360
8913 112
8914 -782
8915 -258
8916 962
8917 -666
8918 -759
8919 542
8920 -517
8921 -312
8922 -544
8923 -213
8924 -400
8925 -901
8926 -416
8927 416
8928 -187
8929 805
8930 -400
8931 -764
8932 -673
8933 -111
8934 307
8935 11
8936 525
8937 -764
8938 570
8939 -857
8940 -135
8941 586
8942 908
8943 -496
8944 -486
8945 474
8946 916
8947 -26
8948 -128
8949 775
8950 -740
8951 -455
8952 -868
8953 -857
8954 -401
8955 -436
8956 148
8957 785
8958 752
8959 821
8960 80
8961 538
8962 518
8963 519
8964 431
8965 118
8966 -876
8967 -248
8968 824
8969 635
8970 -941
8971 -305
8972 438
8973 86
8974 333
8975 -624
8976 -321
8977 -260
8978 753
8979 837
8980 -375
8981 119
8982 918
8983 806
8984 389
8985 -974
8986 913
8987 120
8988 -575
8989 155
8990 -724
8991 314
8992 -334
8993 -191
8994 635
8995 51
8996 437
8997 -876
8998 495
8999 183
9000 -232
9001 -714
9002 34
9003 854
9004 -115
9005 465
9006 -892
9007 -390
9008 -637
9009 -363
9010 649
9011 -257
9012 -767
9013 602
9014 -117
9015 -816
9016 429
9017 280
9018 -912
9019 -132
9020 864
9021 156
9022 -44
9023 799
9024 -745
9025 62
9026 972
9027 818
9028 222
9029 540
9030 -19
9031 105
9032 73
9033 997
9034 -63
9035 -218
9036 885
9037 -824
9038 -102
9039 -863
9040 -814
9041 -422
9042 -167
9043 445
9044 862
9045 -993
9046 373
9047 468
9048 575
9049 674
9050 365
9051 -969
9052 -37
9053 -372
9054 124
9055 -756
9056 -1
9057 -646
9058 12
9059 -244
9060 -57
9061 -469
9062 -830
9063 -190
9064 -307
9065 -764
9066 807
9067 305
9068 -848
9069 413
9070 172
9071 738
9072 730
9073 -144
9074 84
9075 -756
9076 -703
9077 -90
9078 167
9079 41
9080 -648
9081 75
9082 -698
9083 -875
9084 782
9085 -329
9086 -624
9087 -545
9088 122
9089 876
9090 588
9091 -339
9092 -112
9093 -864
9094 -382
9095 -987
9096 -244
9097 905
9098 -694
9099 173
9100 163
9101 461
9102 -925
9103 319
9104 -850
9105 550
9106 120
9107 -74
9108 -321
9109 453
9110 860
9111 -911
9112 -489
9113 825
9114 -787
9115 -729
9116 -385
9117 -592
9118 -135
9119 -944
9120 -578
9121 764
9122 244
9123 -717
9124 -97
9125 158
9126 -550
9127 800
9128 -919
9129 -631
9130 921
9131 -619
9132 315
9133 -892
9134 -627
9135 -473
9136 -555
9137 -809
9138 -970
9139 -932
9140 -321
9141 -941
9142 297
9143 146
9144 251
9145 -906
9146 568
9147 -483
9148 -348
9149 -464
9150 -1
9151 -849
9152 -845
9153 -92
9154 85
9155 -49
9156 881
9157 815
9158 406
9159 564
9160 210
9161 -528
9162 -227
9163 244
9164 775
9165 604
9166 171
9167 -728
9168 505
9169 378
9170 716
9171 -996
9172 -926
9173 641
9174 252
9175 -429
9176 -579
9177 -704
9178 -912
9179 -432
9180 268
9181 488
9182 -620
9183 784
9184 92
9185 -874
9186 842
9187 -217
9188 -719
9189 848
9190 -749
9191 -398
9192 -388
9193 2
9194 175
9195 -102
9196 876
9197 -158
9198 665
9199 308
9200 90
9201 -867
9202 -669
9203 -954
9204 416
9205 57
9206 12
9207 331
9208 -264
9209 -55
9210 295
9211 -968
9212 -598
9213 -632
9214 -129
9215 786
9216 473
9217 976
9218 522
9219 -830
9220 -889
9221 -339
9222 -308
9223 -37
9224 -376
9225 -524
9226 874
9227 -472
9228 308
9229 -866
9230 -589
9231 700
9232 -262
9233 996
9234 127
9235 301
9236 -894
9237 -927
9238 39
9239 -296
9240 -526
9241 -510
9242 902
9243 120
9244 613
9245 121
9246 580
9247 -106
9248 99
9249 -116
9250 -476
9251 798
9252 -630
9253 188
9254 -593
9255 888
9256 886
9257 553
9258 -858
9259 647
9260 -674
9261 54
9262 445
9263 -338
9264 -353
9265 -457
9266 -793
9267 -726
9268 778
9269 971
9270 966
9271 102
9272 -786
9273 -715
9274 636
9275 -372
9276 798
9277 339
9278 502
9279 437
9280 -512
9281 103
9282 -177
9283 640
9284 311
9285 373
9286 616
9287 -47
9288 177
9289 -20
9290 647
9291 -911
9292 -287
9293 -657
9294 424
9295 -233
9296 -485
9297 680
9298 -300
9299 -93
9300 881
9301 -768
9302 -757
9303 -27
9304 -374
9305 -892
9306 -39
9307 930
9308 4
9309 -254
9310 -119
9311 -610
9312 -755
9313 411
9314 564
9315 84
9316 -49
9317 728
9318 890
9319 -58
9320 324
9321 880
9322 -460
9323 159
9324 794
9325 968
9326 487
9327 634
9328 799
9329 -167
9330 -644
9331 214
9332 546
9333 -544
9334 -402
9335 698
9336 179
9337 217
9338 -993
9339 -215
9340 -38
9341 495
9342 -323
9343 -617
9344 857
9345 -879
9346 948
9347 227
9348 -37
9349 -618
9350 919
9351 942
9352 696
9353 -406
9354 574
9355 -903
9356 -368
9357 -942
9358 541
9359 -276
9360 971
9361 -532
9362 717
9363 925
9364 806
9365 569
9366 596
9367 -69
9368 311
9369 936
9370 160
9371 -304
9372 -619
9373 -321
9374 956
9375 -79
9376 395
9377 -598
9378 169
9379 -297
9380 989
9381 81
9382 -96
9383 -548
9384 268
9385 -690
9386 176
9387 600
9388 92
9389 382
9390 820
9391 654
9392 837
9393 277
9394 41
9395 39
9396 650
9397 37
9398 374
9399 -964
9400 677
9401 -616
9402 -101
9403 -772
9404 999
9405 -406
9406 533
9407 896
9408 220
9409 -632
9410 -324
9411 -835
9412 -834
9413 -174
9414 518
9415 466
9416 -222
9417 -238
9418 170
9419 366
9420 -865
9421 -62
9422 580
9423 679
9424 -482
9425 -110
9426 732
9427 956
9428 882
9429 160
9430 -669
9431 -181
9432 -620
9433 255
9434 745
9435 347
9436 555
9437 474
9438 328
9439 -987
9440 499
9441 -30
9442 373
9443 -945
9444 -308
9445 -943
9446 469
9447 405
9448 405
9449 794
9450 596
9451 -779
9452 892
9453 873
9454 770
9455 393
9456 457
9457 -69
9458 497
9459 991
9460 -299
9461 -554
9462 -9
9463 -316
9464 -951
9465 -721
9466 -960
9467 702
9468 583
9469 268
9470 811
9471 -799
9472 -808
9473 930
9474 311
9475 479
9476 -853
9477 -823
9478 -572
9479 999
9480 -499
9481 -220
9482 -446
9483 -275
9484 394
9485 -958
9486 733
9487 920
9488 952
9489 283
9490 782
9491 425
9492 989
9493 -736
9494 854
9495 369
9496 949
9497 549
9498 561
9499 721
9500 894
9501 341
9502 -482
9503 -447
9504 523
9505 499
9506 -578
9507 908
9508 -731
9509 -767
9510 774
9511 789
9512 -528
9513 453
9514 609
9515 -680
9516 -416
9517 -779
9518 -587
9519 61
9520 96
9521 310
9522 710
9523 71
9524 877
9525 300
9526 -487
9527 -1000
9528 362
9529 -125
9530 -177
9531 232
9532 921
9533 -188
9534 531
9535 798
9536 381
9537 236
9538 556
9539 696
9540 -365
9541 188
9542 946
9543 -308
9544 199
9545 774
9546 138
9547 683
9548 -86
9549 52
9550 175
9551 965
9552 -799
9553 871
9554 71
9555 -117
9556 -721
9557 539
9558 84
9559 39
9560 721
9561 -855
9562 721
9563 -311
9564 919
9565 959
9566 482
9567 -435
9568 -915
9569 -998
9570 726
9571 157
9572 -771
9573 200
9574 985
9575 948
9576 -92
9577 -700
9578 -691
9579 335
9580 693
9581 -516
9582 892
9583 -635
9584 -106
9585 -496
9586 488
9587 985
9588 168
9589 462
9590 537
9591 -674
9592 -371
9593 -98
9594 -31
9595 426
9596 915
9597 50
9598 -97
9599 451
9600 696
9601 318
9602 -837
9603 -551
9604 271
9605 487
9606 7
9607 -856
9608 32
9609 1000
9610 -825
9611 575
9612 -77
9613 -525
9614 594
9615 -774
9616 868
9617 259
9618 -382
9619 -215
9620 -6
9621 743
9622 658
9623 -353
9624 591
9625 631
9626 -772
9627 781
9628 553
9629 73
9630 932
9631 818
9632 862
9633 -720
9634 -172
9635 -668
9636 -275
9637 -303
9638 154
9639 -333
9640 251
9641 646
9642 -972
9643 74
9644 384
9645 638
9646 -699
9647 -896
9648 -557
9649 -367
9650 343
9651 -204
9652 -372
9653 -656
9654 935
9655 -963
9656 135
9657 -590
9658 234
9659 463
9660 -412
9661 235
9662 242
9663 865
9664 -427
9665 577
9666 -141
9667 969
9668 346
9669 954
9670 -596
9671 -198
9672 -913
9673 339
9674 -853
9675 -949
9676 338
9677 84
9678 913
9679 -65
9680 964
9681 -743
9682 -623
9683 119
9684 -473
9685 505
9686 17
9687 -597
9688 -238
9689 479
9690 860
9691 887
9692 337
9693 888
9694 -8
9695 -227
9696 -278
9697 -492
9698 -114
9699 169
9700 -522
9701 455
9702 -722
9703 393
9704 397
9705 578
9706 646
9707 -508
9708 -334
9709 -611
9710 770
9711 -933
9712 -175
9713 810
9714 536
9715 -119
9716 -329
9717 146
9718 310
9719 -318
9720 988
9721 -585
9722 -582
9723 -3
9724 567
9725 -566
9726 46
9727 438
9728 -763
9729 385
9730 305
9731 -627
9732 678
9733 -7
9734 -796
9735 347
9736 -327
9737 -526
9738 -401
9739 -988
9740 -291
9741 -819
9742 -928
9743 378
9744 279
9745 880
9746 678
9747 -327
9748 431
9749 -77
9750 352
9751 -751
9752 404
9753 -284
9754 -192
9755 -624
9756 -986
9757 -607
9758 97
9759 -460
9760 90
9761 -701
9762 -301
9763 -636
9764 96
9765 562
9766 338
9767 94
9768 193
9769 -338
9770 233
9771 834
9772 60
9773 -847
9774 720
9775 -271
9776 -363
9777 -366
9778 -732
9779 -529
9780 732
9781 1
9782 -508
9783 226
9784 -358
9785 -697
9786 542
9787 675
9788 452
9789 -772
9790 -650
9791 -52
9792 491
9793 -265
9794 -531
9795 -688
9796 -497
9797 538
9798 905
9799 -423
9800 529
9801 -878
9802 -362
9803 -479
9804 -352
9805 797
9806 506
9807 -843
9808 389
9809 149
9810 220
9811 -146
9812 679
9813 -293
9814 997
9815 408
9816 369
9817 77
9818 377
9819 -782
9820 -811
9821 996
9822 213
9823 -802
9824 277
9825 8
9826 616
9827 -449
9828 -751
9829 -23
9830 -533
9831 -488
9832 -558
9833 -645
9834 838
9835 585
9836 -472
9837 537
9838 -289
9839 111
9840 -818
9841 888
9842 -792
9843 -837
9844 422
9845 -921
9846 87
9847 297
9848 791
9849 307
9850 943
9851 875
9852 185
9853 482
9854 448
9855 -33
9856 -124
9857 524
9858 510
9859 375
9860 -192
9861 -405
9862 186
9863 -685
9864 -427
9865 194
9866 948
9867 625
9868 -15
9869 -335
9870 189
9871 -39
9872 -869
9873 -128
9874 120
9875 -902
9876 877
9877 485
9878 -352
9879 -897
9880 -260
9881 232
9882 99
9883 -376
9884 351
9885 -860
9886 978
9887 43
9888 889
9889 507
9890 551
9891 599
9892 -997
9893 272
9894 226
9895 117
9896 541
9897 731
9898 -338
9899 -994
9900 -509
9901 493
9902 -765
9903 -904
9904 389
9905 911
9906 -336
9907 680
9908 -619
9909 -94
9910 -846
9911 -169
9912 86
9913 -706
9914 -913
9915 -783
9916 643
9917 -121
9918 574
9919 -593
9920 915
9921 36
9922 143
9923 486
9924 476
9925 -94
9926 30
9927 -881
9928 -889
9929 -131
9930 917
9931 -266
9932 115
9933 434
9934 -977
9935 -806
9936 304
9937 559
9938 928
9939 -76
9940 137
9941 244
9942 566
9943 -375
9944 856
9945 -667
9946 -438
9947 -819
9948 -828
9949 986
9950 -746
9951 -940
9952 -989
9953 -414
9954 -722
9955 353
9956 -797
9957 -456
9958 116
9959 78
9960 -948
9961 885
9962 -871
9963 -172
9964 840
9965 -829
9966 -512
9967 88
9968 -53
9969 299
9970 727
9971 -83
9972 -199
9973 504
9974 729
9975 -180
9976 -574
9977 -454
9978 726
9979 -432
9980 -711
9981 -33
9982 484
9983 -804
9984 -606
9985 187
9986 -579
9987 -819
9988 120
9989 231
9990 -161
9991 378
9992 -971
9993 239
9994 -965
9995 -682
9996 -436
9997 -340
9998 -695
9999 95
