0 818
1 742
2 505
3 674
4 590
5 315
6 115
7 735
8 411
9 433
10 781
11 919
12 285
13 672
14 381
15 159
16 518
17 717
18 598
19 834
20 861
21 747
22 735
23 198
24 703
25 435
26 678
27 861
28 404
29 943
30 407
31 856
32 507
33 909
34 841
35 831
36 163
37 214
38 214
39 555
40 503
41 741
42 587
43 478
44 365
45 164
46 563
47 156
48 288
49 421
50 588
51 249
52 381
53 652
54 474
55 289
56 988
57 531
58 702
59 937
60 895
61 525
62 292
63 587
64 682
65 510
66 613
67 122
68 664
69 278
70 486
71 502
72 161
73 713
74 209
75 759
76 186
77 341
78 359
79 904
80 43
81 776
82 644
83 784
84 873
85 272
86 412
87 463
88 200
89 721
90 94
91 714
92 805
93 855
94 684
95 776
96 17
97 727
98 96
99 147
100 843
101 530
102 859
103 505
104 705
105 191
106 568
107 159
108 337
109 535
110 425
111 705
112 188
113 42
114 76
115 654
116 654
117 933
118 915
119 122
120 305
121 194
122 52
123 975
124 235
125 488
126 257
127 576
128 281
129 413
130 743
131 993
132 578
133 836
134 886
135 35
136 690
137 113
138 188
139 216
140 859
141 377
142 869
143 934
144 45
145 519
146 323
147 465
148 995
149 523
150 344
151 92
152 69
153 404
154 447
155 308
156 7
157 711
158 847
159 141
160 9
161 190
162 571
163 997
164 509
165 943
166 810
167 221
168 141
169 610
170 591
171 721
172 610
173 478
174 149
175 916
176 804
177 447
178 787
179 220
180 20
181 138
182 871
183 69
184 347
185 783
186 612
187 25
188 74
189 200
190 154
191 170
192 866
193 181
194 604
195 654
196 436
197 769
198 884
199 531
200 70
201 212
202 520
203 140
204 497
205 390
206 740
207 104
208 930
209 719
210 736
211 95
212 576
213 964
214 203
215 950
216 126
217 397
218 612
219 751
220 594
221 734
222 384
223 60
224 961
225 992
226 375
227 658
228 725
229 19
230 417
231 544
232 390
233 968
234 600
235 937
236 630
237 37
238 622
239 296
240 694
241 764
242 956
243 584
244 997
245 677
246 355
247 280
248 804
249 421
250 73
251 359
252 377
253 693
254 587
255 4
256 223
257 386
258 933
259 925
260 819
261 484
262 421
263 109
264 717
265 379
266 679
267 53
268 325
269 284
270 778
271 436
272 540
273 78
274 410
275 975
276 563
277 568
278 955
279 344
280 374
281 955
282 244
283 967
284 881
285 997
286 260
287 664
288 563
289 951
290 587
291 295
292 648
293 900
294 349
295 856
296 804
297 202
298 506
299 423
300 472
301 479
302 779
303 493
304 401
305 21
306 689
307 415
308 444
309 346
310 606
311 469
312 402
313 431
314 803
315 851
316 375
317 768
318 159
319 709
320 701
321 608
322 737
323 158
324 163
325 386
326 295
327 982
328 0
329 791
330 421
331 571
332 529
333 276
334 759
335 629
336 88
337 715
338 914
339 576
340 73
341 967
342 634
343 486
344 160
345 856
346 668
347 869
348 851
349 265
350 60
351 764
352 351
353 129
354 108
355 135
356 335
357 970
358 388
359 215
360 326
361 558
362 136
363 108
364 885
365 443
366 522
367 640
368 709
369 173
370 97
371 228
372 900
373 249
374 994
375 277
376 535
377 208
378 471
379 55
380 321
381 472
382 494
383 693
384 706
385 769
386 127
387 261
388 277
389 873
390 596
391 783
392 839
393 276
394 213
395 170
396 247
397 529
398 75
399 591
400 287
401 616
402 694
403 291
404 252
405 971
406 204
407 163
408 809
409 513
410 217
411 970
412 27
413 902
414 286
415 500
416 955
417 201
418 417
419 401
420 203
421 454
422 808
423 822
424 630
425 752
426 361
427 872
428 321
429 618
430 31
431 683
432 947
433 136
434 201
435 470
436 936
437 982
438 855
439 617
440 616
441 550
442 632
443 320
444 756
445 809
446 490
447 823
448 663
449 721
450 130
451 63
452 375
453 148
454 479
455 876
456 599
457 227
458 521
459 665
460 871
461 741
462 85
463 734
464 111
465 314
466 634
467 561
468 519
469 1
470 189
471 452
472 27
473 609
474 927
475 448
476 275
477 659
478 560
479 290
480 166
481 393
482 80
483 989
484 505
485 498
486 943
487 485
488 864
489 275
490 656
491 335
492 54
493 38
494 784
495 389
496 980
497 247
498 874
499 105
500 13
501 853
502 165
503 667
504 453
505 428
506 465
507 15
508 380
509 8
510 284
511 825
512 435
513 820
514 172
515 458
516 415
517 798
518 239
519 439
520 623
521 178
522 505
523 381
524 78
525 779
526 522
527 536
528 956
529 399
530 46
531 764
532 899
533 54
534 676
535 537
536 598
537 713
538 108
539 792
540 874
541 963
542 732
543 877
544 701
545 654
546 955
547 691
548 946
549 239
550 676
551 632
552 361
553 811
554 528
555 425
556 847
557 483
558 123
559 216
560 372
561 640
562 728
563 24
564 194
565 438
566 305
567 475
568 573
569 766
570 1000
571 680
572 209
573 668
574 294
575 620
576 914
577 540
578 934
579 666
580 998
581 782
582 439
583 764
584 687
585 889
586 18
587 154
588 695
589 59
590 714
591 696
592 285
593 775
594 419
595 829
596 166
597 75
598 421
599 895
600 84
601 664
602 643
603 486
604 450
605 747
606 224
607 449
608 176
609 63
610 990
611 738
612 284
613 166
614 470
615 598
616 377
617 46
618 785
619 623
620 721
621 573
622 724
623 548
624 807
625 413
626 477
627 281
628 262
629 935
630 443
631 827
632 130
633 11
634 908
635 958
636 2
637 557
638 323
639 901
640 281
641 822
642 566
643 229
644 890
645 157
646 356
647 28
648 329
649 718
650 806
651 660
652 430
653 433
654 571
655 292
656 604
657 150
658 497
659 151
660 732
661 4
662 880
663 583
664 283
665 411
666 323
667 57
668 584
669 419
670 496
671 607
672 319
673 640
674 356
675 906
676 597
677 500
678 602
679 19
680 29
681 745
682 451
683 296
684 771
685 939
686 229
687 482
688 772
689 632
690 991
691 312
692 281
693 520
694 219
695 407
696 64
697 249
698 606
699 491
700 436
701 126
702 844
703 988
704 185
705 770
706 988
707 819
708 565
709 18
710 714
711 795
712 485
713 771
714 462
715 219
716 111
717 606
718 775
719 915
720 843
721 729
722 112
723 168
724 183
725 768
726 390
727 898
728 724
729 162
730 192
731 891
732 571
733 809
734 875
735 86
736 793
737 692
738 811
739 511
740 209
741 244
742 467
743 684
744 925
745 327
746 0
747 474
748 768
749 129
750 58
751 892
752 640
753 187
754 163
755 612
756 987
757 841
758 280
759 386
760 794
761 589
762 285
763 813
764 425
765 90
766 974
767 550
768 952
769 366
770 198
771 717
772 108
773 523
774 719
775 117
776 158
777 514
778 757
779 24
780 678
781 523
782 5
783 978
784 21
785 166
786 138
787 510
788 734
789 727
790 541
791 880
792 226
793 493
794 697
795 76
796 202
797 643
798 60
799 884
800 635
801 306
802 419
803 865
804 534
805 3
806 790
807 989
808 525
809 955
810 437
811 737
812 339
813 940
814 135
815 966
816 451
817 18
818 603
819 716
820 536
821 955
822 874
823 892
824 805
825 500
826 848
827 884
828 1000
829 23
830 660
831 67
832 490
833 614
834 295
835 223
836 645
837 651
838 167
839 467
840 419
841 621
842 756
843 515
844 576
845 253
846 362
847 686
848 825
849 642
850 60
851 155
852 807
853 89
854 999
855 335
856 889
857 524
858 354
859 872
860 623
861 173
862 405
863 717
864 470
865 258
866 499
867 275
868 798
869 347
870 772
871 378
872 743
873 351
874 630
875 893
876 813
877 817
878 967
879 712
880 981
881 607
882 524
883 588
884 314
885 640
886 338
887 844
888 821
889 415
890 500
891 615
892 896
893 928
894 20
895 2
896 907
897 611
898 431
899 37
900 131
901 741
902 843
903 553
904 493
905 999
906 809
907 781
908 546
909 10
910 697
911 231
912 111
913 648
914 132
915 807
916 202
917 745
918 606
919 541
920 406
921 612
922 788
923 534
924 541
925 254
926 481
927 871
928 460
929 387
930 518
931 462
932 760
933 720
934 640
935 202
936 208
937 205
938 291
939 940
940 448
941 342
942 662
943 504
944 732
945 332
946 751
947 906
948 259
949 286
950 617
951 400
952 58
953 110
954 67
955 963
956 682
957 195
958 340
959 950
960 690
961 586
962 337
963 64
964 247
965 44
966 12
967 609
968 480
969 531
970 501
971 679
972 325
973 12
974 366
975 536
976 559
977 92
978 294
979 835
980 292
981 516
982 301
983 52
984 48
985 525
986 136
987 15
988 922
989 245
990 284
991 605
992 1000
993 703
994 176
995 497
996 287
997 893
998 702
999 376
1000 776
1001 978
1002 536
1003 0
1004 906
1005 362
1006 621
1007 24
1008 289
1009 353
1010 957
1011 108
1012 827
1013 916
1014 467
1015 378
1016 427
1017 455
1018 10
1019 520
1020 371
1021 434
1022 756
1023 690
1024 905
1025 350
1026 42
1027 830
1028 104
1029 86
1030 743
1031 904
1032 194
1033 350
1034 676
1035 698
1036 457
1037 690
1038 685
1039 712
1040 107
1041 880
1042 122
1043 926
1044 194
1045 311
1046 636
1047 311
1048 395
1049 719
1050 703
1051 580
1052 251
1053 994
1054 945
1055 294
1056 540
1057 964
1058 331
1059 291
1060 30
1061 352
1062 835
1063 463
1064 184
1065 886
1066 874
1067 533
1068 171
1069 326
1070 859
1071 258
1072 599
1073 12
1074 354
1075 797
1076 868
1077 294
1078 275
1079 35
1080 628
1081 561
1082 316
1083 794
1084 732
1085 930
1086 848
1087 907
1088 458
1089 604
1090 316
1091 506
1092 899
1093 327
1094 681
1095 46
1096 500
1097 359
1098 269
1099 667
1100 980
1101 643
1102 495
1103 421
1104 904
1105 544
1106 275
1107 801
1108 630
1109 763
1110 887
1111 357
1112 659
1113 831
1114 175
1115 206
1116 13
1117 618
1118 3
1119 480
1120 461
1121 364
1122 401
1123 662
1124 800
1125 194
1126 341
1127 554
1128 594
1129 89
1130 840
1131 87
1132 73
1133 368
1134 629
1135 817
1136 259
1137 678
1138 541
1139 910
1140 556
1141 259
1142 214
1143 336
1144 383
1145 949
1146 55
1147 559
1148 513
1149 597
1150 862
1151 180
1152 749
1153 242
1154 582
1155 692
1156 300
1157 748
1158 706
1159 513
1160 303
1161 476
1162 360
1163 203
1164 727
1165 984
1166 236
1167 218
1168 38
1169 317
1170 783
1171 987
1172 574
1173 545
1174 799
1175 184
1176 267
1177 268
1178 407
1179 393
1180 951
1181 199
1182 572
1183 386
1184 151
1185 441
1186 922
1187 513
1188 119
1189 451
1190 580
1191 213
1192 107
1193 724
1194 864
1195 11
1196 130
1197 656
1198 426
1199 644
1200 843
1201 887
1202 775
1203 110
1204 684
1205 19
1206 575
1207 822
1208 361
1209 755
1210 333
1211 943
1212 214
1213 486
1214 396
1215 1000
1216 166
1217 83
1218 463
1219 841
1220 290
1221 81
1222 445
1223 904
1224 663
1225 163
1226 643
1227 672
1228 195
1229 189
1230 471
1231 781
1232 583
1233 472
1234 75
1235 825
1236 588
1237 92
1238 21
1239 320
1240 478
1241 106
1242 346
1243 118
1244 475
1245 418
1246 219
1247 967
1248 148
1249 736
1250 652
1251 664
1252 949
1253 185
1254 279
1255 951
1256 378
1257 359
1258 270
1259 97
1260 369
1261 596
1262 281
1263 253
1264 113
1265 371
1266 784
1267 851
1268 215
1269 96
1270 766
1271 13
1272 763
1273 176
1274 132
1275 537
1276 918
1277 674
1278 537
1279 244
1280 570
1281 878
1282 68
1283 751
1284 368
1285 634
1286 437
1287 893
1288 616
1289 835
1290 679
1291 270
1292 268
1293 935
1294 9
1295 48
1296 320
1297 878
1298 178
1299 33
1300 256
1301 721
1302 44
1303 133
1304 495
1305 726
1306 277
1307 183
1308 953
1309 668
1310 413
1311 350
1312 842
1313 8
1314 559
1315 833
1316 932
1317 130
1318 623
1319 938
1320 155
1321 429
1322 932
1323 663
1324 425
1325 978
1326 79
1327 652
1328 682
1329 695
1330 7
1331 870
1332 793
1333 772
1334 415
1335 650
1336 904
1337 407
1338 322
1339 612
1340 878
1341 506
1342 534
1343 843
1344 3
1345 92
1346 113
1347 479
1348 172
1349 829
1350 581
1351 165
1352 565
1353 509
1354 742
1355 368
1356 449
1357 290
1358 124
1359 295
1360 633
1361 618
1362 701
1363 963
1364 872
1365 581
1366 345
1367 514
1368 569
1369 521
1370 974
1371 30
1372 82
1373 781
1374 766
1375 652
1376 54
1377 668
1378 635
1379 37
1380 741
1381 196
1382 451
1383 439
1384 79
1385 182
1386 602
1387 494
1388 179
1389 30
1390 551
1391 29
1392 919
1393 660
1394 97
1395 56
1396 524
1397 340
1398 164
1399 610
1400 886
1401 195
1402 933
1403 462
1404 234
1405 806
1406 416
1407 101
1408 320
1409 310
1410 444
1411 300
1412 376
1413 146
1414 878
1415 438
1416 991
1417 97
1418 575
1419 227
1420 188
1421 976
1422 350
1423 843
1424 34
1425 708
1426 208
1427 148
1428 657
1429 917
1430 531
1431 215
1432 232
1433 974
1434 505
1435 845
1436 957
1437 763
1438 17
1439 867
1440 85
1441 591
1442 920
1443 99
1444 483
1445 237
1446 351
1447 710
1448 435
1449 410
1450 43
1451 494
1452 388
1453 263
1454 441
1455 612
1456 71
1457 723
1458 946
1459 422
1460 745
1461 857
1462 778
1463 588
1464 441
1465 324
1466 809
1467 983
1468 420
1469 490
1470 308
1471 164
1472 807
1473 567
1474 505
1475 576
1476 294
1477 242
1478 54
1479 810
1480 350
1481 68
1482 71
1483 806
1484 10
1485 149
1486 816
1487 742
1488 745
1489 489
1490 90
1491 180
1492 192
1493 341
1494 268
1495 169
1496 541
1497 557
1498 888
1499 216
1500 557
1501 941
1502 320
1503 534
1504 532
1505 439
1506 429
1507 967
1508 647
1509 179
1510 481
1511 653
1512 946
1513 973
1514 27
1515 395
1516 814
1517 995
1518 593
1519 769
1520 356
1521 431
1522 419
1523 154
1524 713
1525 717
1526 100
1527 709
1528 589
1529 510
1530 472
1531 218
1532 5
1533 64
1534 894
1535 455
1536 256
1537 129
1538 443
1539 317
1540 645
1541 212
1542 724
1543 172
1544 968
1545 120
1546 121
1547 870
1548 985
1549 721
1550 423
1551 872
1552 607
1553 317
1554 352
1555 772
1556 1
1557 970
1558 671
1559 960
1560 302
1561 235
1562 174
1563 522
1564 740
1565 353
1566 876
1567 991
1568 770
1569 949
1570 509
1571 394
1572 190
1573 378
1574 18
1575 750
1576 861
1577 786
1578 174
1579 671
1580 332
1581 418
1582 91
1583 30
1584 905
1585 532
1586 917
1587 890
1588 572
1589 112
1590 706
1591 461
1592 797
1593 270
1594 705
1595 880
1596 460
1597 322
1598 71
1599 851
1600 404
1601 317
1602 625
1603 190
1604 237
1605 897
1606 982
1607 919
1608 34
1609 75
1610 292
1611 597
1612 212
1613 104
1614 737
1615 919
1616 380
1617 464
1618 923
1619 619
1620 755
1621 226
1622 649
1623 266
1624 697
1625 995
1626 655
1627 918
1628 959
1629 685
1630 389
1631 518
1632 759
1633 536
1634 873
1635 5
1636 659
1637 89
1638 502
1639 625
1640 284
1641 623
1642 38
1643 94
1644 56
1645 468
1646 405
1647 507
1648 909
1649 233
1650 626
1651 427
1652 88
1653 988
1654 723
1655 721
1656 19
1657 32
1658 880
1659 430
1660 405
1661 171
1662 854
1663 246
1664 157
1665 391
1666 989
1667 951
1668 931
1669 175
1670 217
1671 348
1672 577
1673 913
1674 592
1675 510
1676 632
1677 689
1678 859
1679 234
1680 583
1681 619
1682 242
1683 59
1684 677
1685 760
1686 599
1687 108
1688 178
1689 239
1690 623
1691 796
1692 719
1693 815
1694 387
1695 466
1696 609
1697 431
1698 577
1699 443
1700 441
1701 736
1702 536
1703 893
1704 192
1705 831
1706 553
1707 84
1708 255
1709 450
1710 454
1711 126
1712 194
1713 166
1714 988
1715 368
1716 795
1717 146
1718 254
1719 957
1720 554
1721 934
1722 811
1723 988
1724 953
1725 91
1726 193
1727 922
1728 679
1729 384
1730 804
1731 229
1732 980
1733 999
1734 571
1735 870
1736 224
1737 685
1738 880
1739 358
1740 204
1741 58
1742 475
1743 888
1744 685
1745 607
1746 303
1747 811
1748 889
1749 901
1750 488
1751 402
1752 656
1753 120
1754 428
1755 11
1756 304
1757 573
1758 577
1759 58
1760 627
1761 935
1762 899
1763 785
1764 334
1765 270
1766 188
1767 354
1768 47
1769 171
1770 952
1771 217
1772 88
1773 981
1774 907
1775 480
1776 311
1777 22
1778 770
1779 667
1780 929
1781 688
1782 438
1783 775
1784 625
1785 662
1786 326
1787 218
1788 394
1789 278
1790 410
1791 280
1792 625
1793 526
1794 449
1795 98
1796 800
1797 446
1798 299
1799 752
1800 808
1801 311
1802 86
1803 862
1804 736
1805 80
1806 584
1807 388
1808 284
1809 426
1810 216
1811 198
1812 547
1813 797
1814 116
1815 927
1816 778
1817 788
1818 618
1819 159
1820 807
1821 531
1822 279
1823 612
1824 553
1825 714
1826 946
1827 830
1828 642
1829 141
1830 577
1831 134
1832 265
1833 632
1834 20
1835 103
1836 926
1837 370
1838 994
1839 323
1840 532
1841 817
1842 6
1843 814
1844 910
1845 786
1846 455
1847 397
1848 448
1849 233
1850 684
1851 29
1852 404
1853 805
1854 851
1855 429
1856 479
1857 605
1858 87
1859 668
1860 160
1861 62
1862 591
1863 135
1864 215
1865 165
1866 422
1867 682
1868 630
1869 299
1870 82
1871 921
1872 386
1873 764
1874 162
1875 683
1876 614
1877 215
1878 626
1879 230
1880 395
1881 249
1882 312
1883 371
1884 680
1885 82
1886 426
1887 788
1888 642
1889 245
1890 19
1891 986
1892 856
1893 145
1894 655
1895 176
1896 680
1897 914
1898 340
1899 111
1900 479
1901 409
1902 109
1903 231
1904 689
1905 716
1906 41
1907 826
1908 877
1909 180
1910 767
1911 532
1912 850
1913 769
1914 329
1915 896
1916 589
1917 826
1918 908
1919 525
1920 573
1921 718
1922 497
1923 329
1924 520
1925 785
1926 922
1927 893
1928 101
1929 335
1930 255
1931 44
1932 667
1933 874
1934 161
1935 405
1936 935
1937 722
1938 379
1939 193
1940 235
1941 970
1942 439
1943 65
1944 501
1945 267
1946 404
1947 754
1948 139
1949 582
1950 287
1951 118
1952 482
1953 201
1954 861
1955 245
1956 643
1957 52
1958 890
1959 836
1960 327
1961 992
1962 90
1963 47
1964 524
1965 894
1966 654
1967 770
1968 656
1969 830
1970 215
1971 245
1972 845
1973 295
1974 627
1975 737
1976 821
1977 327
1978 48
1979 779
1980 394
1981 198
1982 336
1983 38
1984 503
1985 113
1986 651
1987 514
1988 985
1989 389
1990 88
1991 914
1992 460
1993 951
1994 360
1995 190
1996 169
1997 78
1998 233
1999 816
2000 173
2001 744
2002 361
2003 427
2004 719
2005 448
2006 685
2007 880
2008 790
2009 535
2010 172
2011 508
2012 372
2013 194
2014 281
2015 196
2016 875
2017 921
2018 570
2019 617
2020 966
2021 991
2022 433
2023 243
2024 882
2025 40
2026 977
2027 600
2028 146
2029 562
2030 483
2031 631
2032 706
2033 127
2034 225
2035 883
2036 160
2037 530
2038 92
2039 995
2040 645
2041 857
2042 451
2043 299
2044 972
2045 468
2046 354
2047 524
2048 462
2049 985
2050 585
2051 965
2052 588
2053 909
2054 138
2055 847
2056 301
2057 471
2058 331
2059 319
2060 489
2061 677
2062 416
2063 752
2064 515
2065 748
2066 370
2067 932
2068 61
2069 379
2070 555
2071 682
2072 522
2073 151
2074 339
2075 827
2076 391
2077 141
2078 937
2079 527
2080 175
2081 302
2082 778
2083 508
2084 725
2085 304
2086 332
2087 672
2088 79
2089 254
2090 666
2091 40
2092 889
2093 540
2094 952
2095 516
2096 686
2097 810
2098 54
2099 314
2100 104
2101 674
2102 766
2103 877
2104 759
2105 220
2106 222
2107 714
2108 447
2109 212
2110 449
2111 250
2112 169
2113 890
2114 636
2115 886
2116 894
2117 157
2118 203
2119 355
2120 826
2121 309
2122 447
2123 166
2124 560
2125 829
2126 110
2127 814
2128 743
2129 554
2130 791
2131 848
2132 218
2133 27
2134 98
2135 319
2136 325
2137 764
2138 811
2139 584
2140 302
2141 530
2142 232
2143 994
2144 170
2145 666
2146 788
2147 829
2148 517
2149 848
2150 601
2151 751
2152 656
2153 556
2154 156
2155 827
2156 40
2157 899
2158 996
2159 920
2160 588
2161 587
2162 625
2163 645
2164 22
2165 998
2166 525
2167 709
2168 886
2169 485
2170 644
2171 184
2172 66
2173 2
2174 567
2175 254
2176 14
2177 713
2178 779
2179 223
2180 608
2181 525
2182 889
2183 561
2184 169
2185 671
2186 941
2187 351
2188 56
2189 121
2190 216
2191 215
2192 304
2193 864
2194 451
2195 534
2196 719
2197 912
2198 125
2199 270
2200 447
2201 299
2202 907
2203 976
2204 800
2205 385
2206 94
2207 780
2208 874
2209 10
2210 772
2211 807
2212 546
2213 735
2214 108
2215 610
2216 669
2217 448
2218 56
2219 333
2220 51
2221 315
2222 207
2223 739
2224 525
2225 193
2226 834
2227 651
2228 755
2229 72
2230 87
2231 791
2232 642
2233 191
2234 63
2235 531
2236 227
2237 840
2238 270
2239 184
2240 806
2241 370
2242 207
2243 657
2244 580
2245 652
2246 243
2247 893
2248 145
2249 531
2250 795
2251 253
2252 429
2253 285
2254 424
2255 638
2256 457
2257 125
2258 361
2259 85
2260 306
2261 546
2262 17
2263 776
2264 811
2265 317
2266 492
2267 736
2268 183
2269 67
2270 973
2271 443
2272 369
2273 972
2274 907
2275 949
2276 615
2277 524
2278 143
2279 517
2280 163
2281 916
2282 834
2283 610
2284 34
2285 186
2286 535
2287 328
2288 466
2289 189
2290 1
2291 494
2292 360
2293 184
2294 896
2295 245
2296 106
2297 898
2298 9
2299 806
2300 694
2301 381
2302 604
2303 21
2304 464
2305 651
2306 170
2307 177
2308 244
2309 243
2310 672
2311 760
2312 786
2313 637
2314 503
2315 921
2316 995
2317 452
2318 403
2319 433
2320 930
2321 656
2322 721
2323 925
2324 837
2325 246
2326 923
2327 821
2328 103
2329 351
2330 305
2331 985
2332 125
2333 109
2334 556
2335 447
2336 653
2337 953
2338 832
2339 191
2340 345
2341 781
2342 71
2343 813
2344 571
2345 14
2346 655
2347 385
2348 685
2349 610
2350 688
2351 361
2352 715
2353 543
2354 835
2355 911
2356 153
2357 323
2358 125
2359 325
2360 484
2361 923
2362 174
2363 810
2364 526
2365 888
2366 255
2367 328
2368 275
2369 714
2370 320
2371 831
2372 489
2373 670
2374 314
2375 344
2376 447
2377 981
2378 437
2379 289
2380 205
2381 205
2382 227
2383 373
2384 122
2385 111
2386 369
2387 281
2388 471
2389 378
2390 852
2391 83
2392 818
2393 415
2394 57
2395 941
2396 588
2397 382
2398 250
2399 248
2400 981
2401 590
2402 495
2403 181
2404 842
2405 116
2406 277
2407 126
2408 11
2409 96
2410 404
2411 20
2412 236
2413 502
2414 655
2415 516
2416 894
2417 184
2418 525
2419 568
2420 360
2421 464
2422 717
2423 237
2424 362
2425 828
2426 755
2427 933
2428 920
2429 507
2430 189
2431 299
2432 433
2433 722
2434 640
2435 516
2436 763
2437 764
2438 413
2439 562
2440 402
2441 30
2442 402
2443 251
2444 838
2445 704
2446 934
2447 963
2448 406
2449 347
2450 824
2451 375
2452 696
2453 910
2454 261
2455 409
2456 150
2457 467
2458 287
2459 446
2460 86
2461 417
2462 175
2463 798
2464 859
2465 679
2466 36
2467 433
2468 285
2469 539
2470 490
2471 544
2472 562
2473 811
2474 155
2475 25
2476 812
2477 123
2478 720
2479 292
2480 803
2481 665
2482 989
2483 111
2484 272
2485 260
2486 353
2487 728
2488 286
2489 391
2490 480
2491 73
2492 674
2493 554
2494 255
2495 845
2496 193
2497 810
2498 557
2499 252
2500 157
2501 50
2502 710
2503 682
2504 842
2505 826
2506 262
2507 356
2508 434
2509 362
2510 735
2511 702
2512 694
2513 433
2514 202
2515 213
2516 66
2517 228
2518 719
2519 493
2520 578
2521 329
2522 897
2523 148
2524 856
2525 321
2526 36
2527 511
2528 643
2529 654
2530 970
2531 889
2532 695
2533 609
2534 490
2535 876
2536 65
2537 925
2538 865
2539 128
2540 172
2541 695
2542 141
2543 637
2544 991
2545 895
2546 568
2547 526
2548 642
2549 168
2550 366
2551 525
2552 489
2553 861
2554 245
2555 915
2556 324
2557 538
2558 46
2559 777
2560 449
2561 412
2562 818
2563 291
2564 704
2565 141
2566 651
2567 810
2568 576
2569 836
2570 29
2571 330
2572 417
2573 361
2574 633
2575 624
2576 146
2577 882
2578 880
2579 184
2580 413
2581 172
2582 792
2583 407
2584 616
2585 72
2586 919
2587 194
2588 904
2589 252
2590 267
2591 140
2592 383
2593 210
2594 658
2595 615
2596 720
2597 323
2598 460
2599 187
2600 276
2601 462
2602 456
2603 789
2604 747
2605 594
2606 326
2607 404
2608 690
2609 64
2610 888
2611 889
2612 125
2613 329
2614 554
2615 831
2616 601
2617 629
2618 275
2619 797
2620 978
2621 28
2622 672
2623 831
2624 571
2625 857
2626 628
2627 921
2628 788
2629 424
2630 814
2631 578
2632 819
2633 413
2634 0
2635 433
2636 270
2637 162
2638 647
2639 690
2640 898
2641 904
2642 603
2643 882
2644 39
2645 106
2646 921
2647 173
2648 493
2649 803
2650 451
2651 661
2652 600
2653 880
2654 104
2655 902
2656 357
2657 81
2658 274
2659 169
2660 528
2661 71
2662 9
2663 600
2664 632
2665 2
2666 155
2667 771
2668 874
2669 684
2670 697
2671 280
2672 806
2673 383
2674 747
2675 685
2676 764
2677 960
2678 235
2679 860
2680 274
2681 144
2682 525
2683 689
2684 675
2685 147
2686 763
2687 950
2688 534
2689 352
2690 951
2691 169
2692 187
2693 160
2694 92
2695 714
2696 503
2697 353
2698 311
2699 99
2700 857
2701 803
2702 19
2703 768
2704 120
2705 718
2706 460
2707 65
2708 111
2709 387
2710 1000
2711 293
2712 314
2713 314
2714 551
2715 869
2716 341
2717 672
2718 895
2719 255
2720 741
2721 118
2722 324
2723 926
2724 632
2725 395
2726 348
2727 803
2728 864
2729 710
2730 805
2731 280
2732 770
2733 679
2734 381
2735 774
2736 80
2737 639
2738 746
2739 793
2740 144
2741 234
2742 489
2743 707
2744 274
2745 14
2746 144
2747 410
2748 159
2749 368
2750 732
2751 484
2752 104
2753 805
2754 501
2755 389
2756 121
2757 889
2758 20
2759 98
2760 544
2761 341
2762 737
2763 563
2764 621
2765 977
2766 695
2767 842
2768 867
2769 28
2770 616
2771 194
2772 469
2773 636
2774 12
2775 954
2776 337
2777 615
2778 36
2779 988
2780 79
2781 238
2782 288
2783 47
2784 986
2785 547
2786 647
2787 18
2788 876
2789 59
2790 787
2791 589
2792 644
2793 926
2794 626
2795 544
2796 123
2797 603
2798 501
2799 658
2800 141
2801 918
2802 203
2803 820
2804 114
2805 488
2806 622
2807 741
2808 761
2809 741
2810 823
2811 197
2812 522
2813 648
2814 882
2815 16
2816 19
2817 423
2818 103
2819 755
2820 915
2821 666
2822 986
2823 709
2824 536
2825 847
2826 207
2827 553
2828 551
2829 459
2830 408
2831 744
2832 307
2833 240
2834 932
2835 904
2836 550
2837 58
2838 465
2839 244
2840 919
2841 705
2842 196
2843 37
2844 297
2845 590
2846 307
2847 234
2848 663
2849 809
2850 818
2851 616
2852 947
2853 163
2854 916
2855 57
2856 363
2857 875
2858 204
2859 963
2860 333
2861 832
2862 307
2863 840
2864 840
2865 906
2866 861
2867 699
2868 852
2869 901
2870 315
2871 38
2872 788
2873 76
2874 770
2875 173
2876 128
2877 201
2878 304
2879 838
2880 65
2881 346
2882 312
2883 159
2884 784
2885 690
2886 893
2887 364
2888 57
2889 454
2890 237
2891 333
2892 20
2893 50
2894 301
2895 571
2896 585
2897 404
2898 862
2899 308
2900 252
2901 88
2902 241
2903 69
2904 712
2905 997
2906 211
2907 231
2908 749
2909 315
2910 539
2911 423
2912 923
2913 526
2914 115
2915 739
2916 115
2917 150
2918 131
2919 331
2920 331
2921 300
2922 407
2923 44
2924 549
2925 975
2926 784
2927 674
2928 143
2929 930
2930 768
2931 409
2932 533
2933 994
2934 318
2935 356
2936 845
2937 623
2938 831
2939 224
2940 626
2941 679
2942 482
2943 425
2944 213
2945 779
2946 411
2947 970
2948 192
2949 284
2950 895
2951 446
2952 558
2953 986
2954 309
2955 46
2956 55
2957 542
2958 970
2959 728
2960 59
2961 633
2962 99
2963 36
2964 888
2965 522
2966 310
2967 892
2968 402
2969 684
2970 769
2971 81
2972 631
2973 615
2974 211
2975 223
2976 789
2977 874
2978 597
2979 564
2980 116
2981 393
2982 352
2983 99
2984 793
2985 689
2986 174
2987 471
2988 519
2989 260
2990 564
2991 169
2992 32
2993 730
2994 842
2995 213
2996 253
2997 523
2998 608
2999 201
3000 344
3001 51
3002 32
3003 23
3004 31
3005 419
3006 230
3007 644
3008 929
3009 373
3010 806
3011 87
3012 26
3013 346
3014 255
3015 609
3016 151
3017 527
3018 957
3019 443
3020 796
3021 700
3022 608
3023 1000
3024 35
3025 460
3026 452
3027 699
3028 160
3029 778
3030 115
3031 603
3032 472
3033 248
3034 547
3035 151
3036 56
3037 211
3038 215
3039 739
3040 435
3041 740
3042 516
3043 224
3044 129
3045 422
3046 363
3047 998
3048 313
3049 274
3050 974
3051 309
3052 397
3053 406
3054 488
3055 56
3056 727
3057 632
3058 220
3059 732
3060 976
3061 506
3062 705
3063 707
3064 546
3065 594
3066 808
3067 888
3068 379
3069 99
3070 439
3071 749
3072 97
3073 6
3074 721
3075 260
3076 779
3077 501
3078 534
3079 226
3080 38
3081 678
3082 433
3083 871
3084 326
3085 331
3086 184
3087 938
3088 982
3089 928
3090 778
3091 776
3092 913
3093 629
3094 697
3095 11
3096 880
3097 780
3098 643
3099 462
3100 282
3101 882
3102 332
3103 312
3104 866
3105 366
3106 441
3107 59
3108 525
3109 411
3110 28
3111 855
3112 557
3113 439
3114 880
3115 169
3116 959
3117 963
3118 593
3119 308
3120 524
3121 454
3122 708
3123 408
3124 73
3125 195
3126 94
3127 283
3128 577
3129 562
3130 7
3131 915
3132 499
3133 164
3134 323
3135 670
3136 403
3137 56
3138 141
3139 558
3140 464
3141 945
3142 843
3143 515
3144 728
3145 332
3146 786
3147 440
3148 108
3149 386
3150 738
3151 689
3152 682
3153 360
3154 296
3155 625
3156 303
3157 245
3158 979
3159 208
3160 226
3161 900
3162 448
3163 145
3164 889
3165 283
3166 312
3167 950
3168 573
3169 851
3170 414
3171 460
3172 653
3173 306
3174 412
3175 119
3176 252
3177 656
3178 241
3179 869
3180 337
3181 358
3182 775
3183 336
3184 922
3185 611
3186 413
3187 805
3188 20
3189 153
3190 750
3191 754
3192 750
3193 327
3194 64
3195 739
3196 855
3197 321
3198 662
3199 520
3200 715
3201 214
3202 114
3203 180
3204 929
3205 371
3206 582
3207 583
3208 420
3209 351
3210 41
3211 863
3212 799
3213 272
3214 427
3215 177
3216 777
3217 856
3218 463
3219 166
3220 227
3221 750
3222 964
3223 610
3224 642
3225 258
3226 69
3227 833
3228 696
3229 904
3230 599
3231 627
3232 534
3233 144
3234 262
3235 642
3236 551
3237 904
3238 506
3239 336
3240 722
3241 737
3242 994
3243 300
3244 939
3245 982
3246 902
3247 423
3248 954
3249 110
3250 52
3251 43
3252 961
3253 654
3254 8
3255 180
3256 640
3257 77
3258 469
3259 2
3260 76
3261 600
3262 485
3263 648
3264 52
3265 760
3266 274
3267 172
3268 397
3269 720
3270 459
3271 754
3272 218
3273 75
3274 652
3275 740
3276 198
3277 112
3278 2
3279 277
3280 578
3281 117
3282 939
3283 219
3284 505
3285 480
3286 449
3287 864
3288 152
3289 770
3290 235
3291 190
3292 786
3293 527
3294 986
3295 206
3296 317
3297 183
3298 807
3299 515
3300 93
3301 55
3302 876
3303 700
3304 949
3305 134
3306 708
3307 824
3308 287
3309 583
3310 846
3311 414
3312 231
3313 227
3314 28
3315 653
3316 627
3317 209
3318 154
3319 756
3320 788
3321 744
3322 519
3323 270
3324 232
3325 541
3326 380
3327 171
3328 382
3329 524
3330 543
3331 689
3332 83
3333 131
3334 88
3335 669
3336 821
3337 248
3338 221
3339 430
3340 65
3341 446
3342 86
3343 798
3344 297
3345 561
3346 128
3347 867
3348 266
3349 842
3350 135
3351 407
3352 909
3353 496
3354 717
3355 670
3356 602
3357 85
3358 124
3359 50
3360 600
3361 332
3362 619
3363 322
3364 513
3365 59
3366 112
3367 462
3368 518
3369 299
3370 601
3371 498
3372 483
3373 881
3374 423
3375 801
3376 605
3377 875
3378 670
3379 852
3380 399
3381 592
3382 649
3383 649
3384 216
3385 69
3386 553
3387 294
3388 35
3389 932
3390 473
3391 245
3392 285
3393 141
3394 670
3395 21
3396 719
3397 459
3398 469
3399 313
3400 253
3401 243
3402 593
3403 952
3404 307
3405 213
3406 382
3407 975
3408 43
3409 259
3410 2
3411 442
3412 375
3413 264
3414 60
3415 971
3416 420
3417 174
3418 100
3419 767
3420 496
3421 230
3422 694
3423 137
3424 632
3425 122
3426 821
3427 164
3428 304
3429 653
3430 662
3431 177
3432 455
3433 472
3434 886
3435 622
3436 620
3437 239
3438 788
3439 416
3440 530
3441 830
3442 718
3443 76
3444 131
3445 125
3446 946
3447 284
3448 488
3449 634
3450 595
3451 554
3452 679
3453 712
3454 751
3455 188
3456 962
3457 596
3458 330
3459 26
3460 48
3461 188
3462 532
3463 125
3464 792
3465 169
3466 352
3467 887
3468 88
3469 889
3470 459
3471 474
3472 222
3473 882
3474 501
3475 514
3476 61
3477 804
3478 440
3479 930
3480 981
3481 802
3482 912
3483 448
3484 715
3485 846
3486 135
3487 295
3488 687
3489 494
3490 567
3491 552
3492 418
3493 900
3494 369
3495 463
3496 48
3497 333
3498 865
3499 831
3500 122
3501 712
3502 408
3503 542
3504 110
3505 529
3506 48
3507 818
3508 274
3509 891
3510 731
3511 326
3512 311
3513 78
3514 338
3515 346
3516 557
3517 607
3518 592
3519 341
3520 837
3521 814
3522 752
3523 210
3524 263
3525 853
3526 47
3527 416
3528 907
3529 955
3530 220
3531 197
3532 95
3533 974
3534 955
3535 540
3536 446
3537 812
3538 217
3539 719
3540 859
3541 997
3542 657
3543 930
3544 523
3545 3
3546 628
3547 124
3548 919
3549 400
3550 408
3551 399
3552 94
3553 705
3554 492
3555 593
3556 10
3557 434
3558 101
3559 0
3560 261
3561 892
3562 417
3563 257
3564 340
3565 453
3566 400
3567 126
3568 47
3569 497
3570 470
3571 710
3572 819
3573 594
3574 197
3575 643
3576 402
3577 949
3578 184
3579 640
3580 817
3581 903
3582 701
3583 51
3584 754
3585 397
3586 650
3587 883
3588 90
3589 645
3590 559
3591 998
3592 361
3593 524
3594 879
3595 854
3596 656
3597 373
3598 401
3599 205
3600 280
3601 575
3602 584
3603 989
3604 696
3605 664
3606 642
3607 324
3608 569
3609 432
3610 24
3611 34
3612 412
3613 275
3614 437
3615 61
3616 539
3617 183
3618 474
3619 592
3620 405
3621 14
3622 47
3623 191
3624 686
3625 484
3626 376
3627 554
3628 408
3629 845
3630 380
3631 725
3632 726
3633 945
3634 157
3635 806
3636 258
3637 91
3638 502
3639 507
3640 468
3641 393
3642 398
3643 775
3644 207
3645 792
3646 581
3647 675
3648 465
3649 31
3650 818
3651 962
3652 54
3653 696
3654 774
3655 594
3656 340
3657 671
3658 360
3659 438
3660 826
3661 975
3662 638
3663 63
3664 247
3665 799
3666 908
3667 479
3668 700
3669 852
3670 695
3671 224
3672 691
3673 460
3674 433
3675 100
3676 434
3677 440
3678 990
3679 373
3680 107
3681 968
3682 973
3683 500
3684 889
3685 767
3686 401
3687 389
3688 74
3689 896
3690 868
3691 709
3692 822
3693 692
3694 134
3695 712
3696 759
3697 779
3698 665
3699 506
3700 400
3701 194
3702 435
3703 931
3704 16
3705 95
3706 43
3707 519
3708 290
3709 83
3710 605
3711 261
3712 353
3713 221
3714 21
3715 290
3716 788
3717 447
3718 640
3719 320
3720 478
3721 558
3722 362
3723 785
3724 348
3725 50
3726 87
3727 792
3728 744
3729 637
3730 924
3731 49
3732 271
3733 184
3734 248
3735 474
3736 993
3737 164
3738 692
3739 126
3740 732
3741 369
3742 796
3743 895
3744 418
3745 13
3746 804
3747 428
3748 995
3749 756
3750 121
3751 496
3752 753
3753 437
3754 527
3755 746
3756 769
3757 53
3758 263
3759 71
3760 839
3761 50
3762 893
3763 343
3764 520
3765 794
3766 675
3767 66
3768 751
3769 497
3770 657
3771 69
3772 562
3773 145
3774 960
3775 561
3776 883
3777 832
3778 573
3779 469
3780 470
3781 173
3782 120
3783 184
3784 226
3785 171
3786 245
3787 126
3788 656
3789 449
3790 823
3791 43
3792 156
3793 52
3794 576
3795 949
3796 583
3797 716
3798 497
3799 979
3800 147
3801 672
3802 529
3803 189
3804 162
3805 240
3806 438
3807 556
3808 218
3809 313
3810 302
3811 128
3812 397
3813 44
3814 104
3815 52
3816 693
3817 828
3818 229
3819 980
3820 458
3821 461
3822 43
3823 919
3824 905
3825 594
3826 954
3827 453
3828 727
3829 298
3830 762
3831 211
3832 877
3833 826
3834 4
3835 153
3836 76
3837 806
3838 96
3839 149
3840 859
3841 36
3842 633
3843 238
3844 931
3845 792
3846 491
3847 261
3848 805
3849 95
3850 498
3851 444
3852 519
3853 845
3854 574
3855 383
3856 645
3857 202
3858 926
3859 10
3860 802
3861 758
3862 732
3863 536
3864 408
3865 292
3866 976
3867 517
3868 695
3869 83
3870 51
3871 315
3872 919
3873 528
3874 774
3875 335
3876 374
3877 534
3878 886
3879 585
3880 623
3881 947
3882 936
3883 869
3884 978
3885 954
3886 394
3887 564
3888 289
3889 567
3890 327
3891 803
3892 681
3893 424
3894 844
3895 11
3896 564
3897 289
3898 149
3899 980
3900 918
3901 463
3902 8
3903 870
3904 882
3905 210
3906 785
3907 412
3908 685
3909 902
3910 743
3911 800
3912 761
3913 814
3914 497
3915 584
3916 551
3917 579
3918 120
3919 983
3920 100
3921 695
3922 247
3923 788
3924 849
3925 422
3926 16
3927 317
3928 836
3929 250
3930 279
3931 324
3932 332
3933 970
3934 384
3935 603
3936 745
3937 596
3938 408
3939 961
3940 343
3941 961
3942 888
3943 364
3944 251
3945 307
3946 13
3947 995
3948 885
3949 243
3950 602
3951 649
3952 800
3953 299
3954 108
3955 991
3956 861
3957 167
3958 955
3959 76
3960 352
3961 968
3962 927
3963 763
3964 304
3965 147
3966 19
3967 900
3968 766
3969 43
3970 487
3971 570
3972 749
3973 442
3974 166
3975 988
3976 538
3977 437
3978 290
3979 833
3980 372
3981 22
3982 916
3983 874
3984 896
3985 302
3986 656
3987 473
3988 479
3989 202
3990 149
3991 583
3992 254
3993 180
3994 281
3995 786
3996 919
3997 174
3998 956
3999 281
4000 786
4001 930
4002 635
4003 177
4004 993
4005 108
4006 552
4007 435
4008 917
4009 668
4010 542
4011 558
4012 224
4013 612
4014 211
4015 332
4016 429
4017 63
4018 273
4019 817
4020 535
4021 107
4022 963
4023 995
4024 957
4025 967
4026 322
4027 655
4028 761
4029 854
4030 483
4031 678
4032 716
4033 665
4034 624
4035 553
4036 829
4037 591
4038 956
4039 208
4040 636
4041 430
4042 877
4043 853
4044 150
4045 85
4046 465
4047 763
4048 886
4049 406
4050 490
4051 736
4052 815
4053 328
4054 106
4055 128
4056 492
4057 763
4058 440
4059 439
4060 72
4061 840
4062 685
4063 361
4064 485
4065 690
4066 65
4067 318
4068 979
4069 116
4070 54
4071 413
4072 760
4073 333
4074 691
4075 254
4076 490
4077 161
4078 603
4079 742
4080 551
4081 243
4082 536
4083 633
4084 779
4085 563
4086 29
4087 630
4088 112
4089 342
4090 422
4091 295
4092 978
4093 870
4094 201
4095 906
4096 570
4097 467
4098 375
4099 626
4100 9
4101 945
4102 781
4103 254
4104 739
4105 305
4106 942
4107 136
4108 3
4109 594
4110 953
4111 545
4112 260
4113 442
4114 295
4115 184
4116 147
4117 846
4118 31
4119 875
4120 496
4121 278
4122 788
4123 481
4124 931
4125 95
4126 285
4127 350
4128 387
4129 197
4130 203
4131 863
4132 650
4133 568
4134 470
4135 44
4136 972
4137 208
4138 530
4139 368
4140 755
4141 686
4142 685
4143 357
4144 561
4145 216
4146 757
4147 509
4148 447
4149 419
4150 846
4151 699
4152 411
4153 538
4154 754
4155 271
4156 319
4157 409
4158 821
4159 614
4160 953
4161 997
4162 686
4163 636
4164 147
4165 143
4166 837
4167 464
4168 37
4169 131
4170 954
4171 204
4172 752
4173 953
4174 754
4175 951
4176 172
4177 185
4178 814
4179 500
4180 873
4181 768
4182 475
4183 848
4184 396
4185 835
4186 441
4187 36
4188 329
4189 597
4190 617
4191 858
4192 519
4193 995
4194 227
4195 394
4196 799
4197 756
4198 185
4199 35
4200 787
4201 827
4202 858
4203 996
4204 405
4205 592
4206 1000
4207 366
4208 668
4209 319
4210 300
4211 185
4212 237
4213 222
4214 559
4215 366
4216 127
4217 671
4218 693
4219 869
4220 990
4221 947
4222 886
4223 48
4224 433
4225 299
4226 796
4227 740
4228 327
4229 297
4230 321
4231 206
4232 592
4233 974
4234 814
4235 770
4236 825
4237 540
4238 299
4239 470
4240 253
4241 763
4242 910
4243 373
4244 358
4245 465
4246 380
4247 87
4248 716
4249 35
4250 963
4251 828
4252 415
4253 81
4254 556
4255 370
4256 121
4257 190
4258 468
4259 442
4260 217
4261 655
4262 409
4263 703
4264 565
4265 259
4266 445
4267 912
4268 121
4269 540
4270 460
4271 405
4272 697
4273 764
4274 325
4275 351
4276 692
4277 284
4278 947
4279 848
4280 770
4281 419
4282 19
4283 880
4284 881
4285 221
4286 881
4287 477
4288 370
4289 788
4290 790
4291 374
4292 811
4293 39
4294 900
4295 66
4296 878
4297 673
4298 998
4299 414
4300 828
4301 893
4302 952
4303 171
4304 289
4305 427
4306 876
4307 403
4308 837
4309 365
4310 922
4311 807
4312 129
4313 149
4314 129
4315 473
4316 336
4317 167
4318 532
4319 333
4320 763
4321 651
4322 240
4323 44
4324 816
4325 728
4326 240
4327 275
4328 578
4329 169
4330 430
4331 170
4332 379
4333 765
4334 67
4335 159
4336 277
4337 437
4338 817
4339 232
4340 31
4341 707
4342 510
4343 784
4344 876
4345 488
4346 975
4347 448
4348 265
4349 405
4350 788
4351 602
4352 494
4353 909
4354 126
4355 16
4356 411
4357 359
4358 431
4359 603
4360 538
4361 429
4362 907
4363 625
4364 791
4365 106
4366 124
4367 190
4368 74
4369 501
4370 715
4371 122
4372 294
4373 629
4374 712
4375 372
4376 730
4377 888
4378 763
4379 174
4380 707
4381 6
4382 762
4383 839
4384 99
4385 669
4386 425
4387 940
4388 449
4389 911
4390 855
4391 144
4392 625
4393 961
4394 473
4395 60
4396 791
4397 299
4398 254
4399 340
4400 745
4401 93
4402 780
4403 676
4404 843
4405 119
4406 210
4407 284
4408 665
4409 102
4410 225
4411 833
4412 696
4413 878
4414 155
4415 488
4416 552
4417 139
4418 898
4419 932
4420 616
4421 446
4422 722
4423 73
4424 111
4425 529
4426 730
4427 567
4428 477
4429 904
4430 971
4431 633
4432 181
4433 659
4434 793
4435 861
4436 816
4437 862
4438 658
4439 538
4440 574
4441 156
4442 520
4443 280
4444 264
4445 267
4446 884
4447 328
4448 672
4449 476
4450 731
4451 997
4452 274
4453 496
4454 80
4455 356
4456 606
4457 488
4458 869
4459 52
4460 875
4461 628
4462 765
4463 846
4464 146
4465 94
4466 645
4467 95
4468 551
4469 930
4470 125
4471 116
4472 958
4473 462
4474 789
4475 439
4476 978
4477 46
4478 212
4479 947
4480 929
4481 988
4482 544
4483 92
4484 198
4485 259
4486 250
4487 952
4488 835
4489 714
4490 296
4491 659
4492 263
4493 62
4494 316
4495 452
4496 581
4497 550
4498 82
4499 808
4500 899
4501 311
4502 651
4503 927
4504 405
4505 131
4506 970
4507 812
4508 36
4509 621
4510 918
4511 592
4512 219
4513 42
4514 691
4515 10
4516 689
4517 687
4518 882
4519 757
4520 93
4521 324
4522 784
4523 513
4524 49
4525 533
4526 137
4527 309
4528 346
4529 907
4530 553
4531 115
4532 323
4533 975
4534 613
4535 527
4536 22
4537 887
4538 257
4539 891
4540 856
4541 902
4542 999
4543 70
4544 778
4545 237
4546 911
4547 411
4548 190
4549 564
4550 145
4551 302
4552 248
4553 582
4554 503
4555 26
4556 503
4557 590
4558 798
4559 385
4560 946
4561 28
4562 742
4563 390
4564 867
4565 720
4566 522
4567 782
4568 668
4569 713
4570 343
4571 378
4572 437
4573 170
4574 863
4575 696
4576 628
4577 188
4578 131
4579 58
4580 119
4581 80
4582 980
4583 955
4584 833
4585 63
4586 146
4587 767
4588 564
4589 531
4590 19
4591 521
4592 742
4593 621
4594 942
4595 795
4596 209
4597 957
4598 716
4599 463
4600 789
4601 283
4602 759
4603 680
4604 269
4605 726
4606 708
4607 936
4608 553
4609 232
4610 401
4611 783
4612 569
4613 29
4614 925
4615 520
4616 561
4617 499
4618 928
4619 382
4620 858
4621 362
4622 978
4623 855
4624 442
4625 292
4626 782
4627 851
4628 475
4629 8
4630 520
4631 819
4632 369
4633 639
4634 166
4635 493
4636 782
4637 409
4638 606
4639 218
4640 94
4641 944
4642 171
4643 749
4644 688
4645 507
4646 735
4647 386
4648 585
4649 181
4650 998
4651 884
4652 733
4653 887
4654 168
4655 579
4656 517
4657 338
4658 556
4659 14
4660 417
4661 528
4662 480
4663 173
4664 918
4665 640
4666 569
4667 894
4668 343
4669 757
4670 661
4671 378
4672 512
4673 774
4674 599
4675 351
4676 218
4677 871
4678 528
4679 84
4680 911
4681 913
4682 788
4683 588
4684 18
4685 649
4686 820
4687 107
4688 386
4689 651
4690 190
4691 903
4692 879
4693 156
4694 54
4695 577
4696 341
4697 716
4698 488
4699 632
4700 33
4701 258
4702 328
4703 72
4704 927
4705 333
4706 710
4707 576
4708 544
4709 559
4710 29
4711 403
4712 652
4713 211
4714 552
4715 495
4716 624
4717 102
4718 387
4719 456
4720 674
4721 919
4722 980
4723 22
4724 45
4725 188
4726 57
4727 75
4728 242
4729 522
4730 126
4731 402
4732 491
4733 655
4734 598
4735 757
4736 421
4737 60
4738 381
4739 107
4740 221
4741 787
4742 394
4743 682
4744 218
4745 979
4746 991
4747 566
4748 465
4749 49
4750 799
4751 452
4752 364
4753 544
4754 373
4755 183
4756 236
4757 524
4758 389
4759 116
4760 26
4761 522
4762 952
4763 170
4764 319
4765 627
4766 904
4767 290
4768 796
4769 537
4770 464
4771 552
4772 278
4773 609
4774 71
4775 298
4776 854
4777 209
4778 869
4779 346
4780 600
4781 30
4782 176
4783 625
4784 944
4785 858
4786 377
4787 978
4788 142
4789 419
4790 465
4791 266
4792 286
4793 265
4794 138
4795 119
4796 648
4797 798
4798 10
4799 57
4800 134
4801 255
4802 37
4803 218
4804 908
4805 399
4806 431
4807 298
4808 81
4809 541
4810 267
4811 510
4812 603
4813 862
4814 475
4815 498
4816 71
4817 809
4818 205
4819 453
4820 877
4821 723
4822 315
4823 495
4824 514
4825 353
4826 387
4827 609
4828 47
4829 591
4830 430
4831 644
4832 41
4833 375
4834 561
4835 708
4836 702
4837 636
4838 11
4839 570
4840 857
4841 78
4842 874
4843 773
4844 857
4845 474
4846 715
4847 37
4848 173
4849 809
4850 479
4851 132
4852 308
4853 367
4854 337
4855 209
4856 687
4857 855
4858 717
4859 482
4860 811
4861 357
4862 514
4863 214
4864 566
4865 536
4866 297
4867 966
4868 194
4869 40
4870 811
4871 897
4872 920
4873 225
4874 126
4875 219
4876 882
4877 414
4878 436
4879 571
4880 633
4881 712
4882 813
4883 99
4884 119
4885 797
4886 44
4887 180
4888 244
4889 41
4890 289
4891 368
4892 812
4893 957
4894 434
4895 922
4896 686
4897 815
4898 956
4899 423
4900 750
4901 163
4902 266
4903 951
4904 499
4905 470
4906 712
4907 361
4908 198
4909 395
4910 867
4911 66
4912 265
4913 806
4914 191
4915 782
4916 903
4917 774
4918 270
4919 168
4920 783
4921 853
4922 357
4923 456
4924 316
4925 109
4926 675
4927 165
4928 54
4929 356
4930 874
4931 974
4932 674
4933 728
4934 831
4935 696
4936 579
4937 989
4938 409
4939 200
4940 236
4941 905
4942 544
4943 48
4944 445
4945 352
4946 745
4947 703
4948 324
4949 758
4950 928
4951 696
4952 948
4953 119
4954 846
4955 543
4956 234
4957 579
4958 194
4959 432
4960 584
4961 884
4962 517
4963 911
4964 625
4965 949
4966 394
4967 471
4968 429
4969 295
4970 861
4971 346
4972 123
4973 795
4974 289
4975 205
4976 31
4977 970
4978 993
4979 82
4980 196
4981 436
4982 264
4983 14
4984 185
4985 911
4986 628
4987 537
4988 939
4989 346
4990 294
4991 200
4992 20
4993 802
4994 38
4995 47
4996 306
4997 934
4998 296
4999 447
5000 132
5001 98
5002 831
5003 482
5004 137
5005 815
5006 697
5007 661
5008 910
5009 69
5010 303
5011 457
5012 26
5013 871
5014 740
5015 783
5016 273
5017 765
5018 193
5019 589
5020 211
5021 937
5022 278
5023 861
5024 695
5025 751
5026 807
5027 856
5028 872
5029 647
5030 59
5031 438
5032 548
5033 9
5034 291
5035 144
5036 882
5037 340
5038 573
5039 790
5040 352
5041 155
5042 496
5043 830
5044 364
5045 11
5046 989
5047 526
5048 511
5049 457
5050 287
5051 772
5052 693
5053 958
5054 784
5055 20
5056 211
5057 961
5058 862
5059 587
5060 579
5061 208
5062 174
5063 951
5064 322
5065 918
5066 908
5067 409
5068 873
5069 371
5070 957
5071 165
5072 136
5073 782
5074 327
5075 640
5076 511
5077 869
5078 25
5079 502
5080 999
5081 91
5082 511
5083 828
5084 163
5085 360
5086 520
5087 762
5088 674
5089 822
5090 58
5091 441
5092 243
5093 334
5094 650
5095 69
5096 239
5097 899
5098 354
5099 442
5100 491
5101 798
5102 391
5103 873
5104 318
5105 428
5106 958
5107 835
5108 455
5109 466
5110 845
5111 310
5112 847
5113 104
5114 737
5115 15
5116 401
5117 379
5118 876
5119 581
5120 657
5121 617
5122 659
5123 650
5124 32
5125 522
5126 450
5127 585
5128 121
5129 497
5130 888
5131 37
5132 570
5133 350
5134 169
5135 303
5136 612
5137 130
5138 550
5139 624
5140 365
5141 914
5142 615
5143 280
5144 243
5145 484
5146 571
5147 428
5148 25
5149 347
5150 802
5151 518
5152 559
5153 959
5154 768
5155 364
5156 6
5157 586
5158 650
5159 549
5160 996
5161 727
5162 792
5163 175
5164 685
5165 52
5166 873
5167 170
5168 959
5169 932
5170 911
5171 398
5172 526
5173 482
5174 596
5175 286
5176 294
5177 166
5178 997
5179 494
5180 185
5181 976
5182 161
5183 160
5184 257
5185 753
5186 38
5187 513
5188 149
5189 996
5190 291
5191 319
5192 529
5193 674
5194 356
5195 436
5196 945
5197 358
5198 443
5199 812
5200 72
5201 38
5202 108
5203 531
5204 181
5205 666
5206 228
5207 483
5208 537
5209 939
5210 426
5211 589
5212 290
5213 806
5214 44
5215 335
5216 222
5217 166
5218 216
5219 583
5220 190
5221 955
5222 519
5223 239
5224 370
5225 214
5226 243
5227 992
5228 471
5229 813
5230 451
5231 89
5232 911
5233 573
5234 126
5235 394
5236 218
5237 950
5238 861
5239 18
5240 943
5241 393
5242 808
5243 250
5244 574
5245 266
5246 142
5247 622
5248 773
5249 747
5250 576
5251 740
5252 71
5253 310
5254 582
5255 285
5256 924
5257 171
5258 694
5259 49
5260 398
5261 412
5262 824
5263 751
5264 620
5265 712
5266 843
5267 708
5268 780
5269 473
5270 650
5271 177
5272 946
5273 463
5274 298
5275 879
5276 720
5277 303
5278 753
5279 450
5280 130
5281 838
5282 617
5283 473
5284 937
5285 135
5286 711
5287 729
5288 657
5289 698
5290 541
5291 327
5292 89
5293 377
5294 998
5295 658
5296 912
5297 100
5298 688
5299 859
5300 385
5301 139
5302 617
5303 760
5304 100
5305 55
5306 376
5307 286
5308 290
5309 278
5310 625
5311 12
5312 480
5313 952
5314 334
5315 972
5316 944
5317 900
5318 725
5319 405
5320 756
5321 569
5322 172
5323 369
5324 629
5325 379
5326 391
5327 443
5328 969
5329 31
5330 660
5331 720
5332 493
5333 60
5334 902
5335 673
5336 975
5337 552
5338 245
5339 587
5340 831
5341 847
5342 9
5343 70
5344 628
5345 313
5346 157
5347 896
5348 881
5349 752
5350 168
5351 162
5352 674
5353 837
5354 161
5355 195
5356 576
5357 568
5358 130
5359 348
5360 808
5361 30
5362 188
5363 855
5364 906
5365 965
5366 682
5367 924
5368 781
5369 283
5370 482
5371 23
5372 966
5373 336
5374 578
5375 795
5376 40
5377 714
5378 984
5379 510
5380 324
5381 575
5382 970
5383 624
5384 474
5385 187
5386 28
5387 693
5388 748
5389 819
5390 888
5391 173
5392 918
5393 711
5394 557
5395 465
5396 92
5397 318
5398 68
5399 597
5400 933
5401 348
5402 474
5403 879
5404 953
5405 853
5406 273
5407 354
5408 176
5409 840
5410 483
5411 84
5412 512
5413 609
5414 328
5415 479
5416 563
5417 239
5418 236
5419 753
5420 363
5421 149
5422 248
5423 203
5424 122
5425 902
5426 233
5427 851
5428 601
5429 374
5430 807
5431 707
5432 269
5433 636
5434 390
5435 854
5436 667
5437 547
5438 767
5439 748
5440 248
5441 285
5442 521
5443 951
5444 780
5445 215
5446 671
5447 936
5448 662
5449 396
5450 648
5451 647
5452 86
5453 698
5454 736
5455 237
5456 563
5457 200
5458 693
5459 254
5460 864
5461 739
5462 14
5463 388
5464 975
5465 340
5466 458
5467 275
5468 190
5469 578
5470 497
5471 356
5472 890
5473 305
5474 194
5475 367
5476 157
5477 678
5478 953
5479 286
5480 771
5481 812
5482 208
5483 725
5484 944
5485 833
5486 948
5487 871
5488 851
5489 235
5490 621
5491 876
5492 543
5493 765
5494 423
5495 328
5496 422
5497 468
5498 42
5499 158
5500 593
5501 670
5502 261
5503 205
5504 955
5505 312
5506 302
5507 219
5508 21
5509 193
5510 454
5511 398
5512 714
5513 736
5514 411
5515 755
5516 960
5517 513
5518 496
5519 394
5520 42
5521 600
5522 944
5523 301
5524 131
5525 575
5526 291
5527 249
5528 255
5529 133
5530 35
5531 661
5532 558
5533 502
5534 767
5535 306
5536 656
5537 937
5538 416
5539 35
5540 123
5541 286
5542 943
5543 610
5544 576
5545 300
5546 843
5547 53
5548 128
5549 40
5550 925
5551 412
5552 648
5553 8
5554 696
5555 91
5556 594
5557 874
5558 722
5559 377
5560 881
5561 879
5562 684
5563 715
5564 705
5565 726
5566 428
5567 148
5568 308
5569 523
5570 202
5571 626
5572 535
5573 865
5574 855
5575 925
5576 140
5577 494
5578 723
5579 832
5580 614
5581 558
5582 54
5583 22
5584 419
5585 831
5586 248
5587 217
5588 588
5589 696
5590 584
5591 811
5592 613
5593 582
5594 772
5595 944
5596 54
5597 661
5598 633
5599 644
5600 590
5601 588
5602 923
5603 686
5604 677
5605 708
5606 54
5607 86
5608 996
5609 357
5610 40
5611 388
5612 943
5613 951
5614 925
5615 719
5616 323
5617 14
5618 733
5619 767
5620 686
5621 628
5622 766
5623 168
5624 583
5625 521
5626 143
5627 558
5628 693
5629 353
5630 643
5631 924
5632 769
5633 881
5634 559
5635 189
5636 991
5637 488
5638 510
5639 744
5640 11
5641 873
5642 372
5643 810
5644 866
5645 10
5646 313
5647 533
5648 39
5649 356
5650 46
5651 946
5652 508
5653 155
5654 504
5655 727
5656 658
5657 6
5658 314
5659 971
5660 272
5661 977
5662 267
5663 869
5664 274
5665 220
5666 752
5667 828
5668 995
5669 457
5670 781
5671 660
5672 125
5673 971
5674 605
5675 338
5676 463
5677 907
5678 80
5679 188
5680 459
5681 684
5682 812
5683 372
5684 347
5685 934
5686 475
5687 941
5688 97
5689 676
5690 88
5691 228
5692 735
5693 60
5694 23
5695 545
5696 466
5697 623
5698 660
5699 357
5700 663
5701 309
5702 241
5703 160
5704 132
5705 880
5706 181
5707 624
5708 869
5709 868
5710 301
5711 276
5712 885
5713 615
5714 50
5715 1
5716 904
5717 991
5718 735
5719 623
5720 78
5721 887
5722 157
5723 714
5724 139
5725 576
5726 379
5727 972
5728 337
5729 182
5730 269
5731 775
5732 733
5733 330
5734 330
5735 962
5736 457
5737 563
5738 399
5739 356
5740 729
5741 816
5742 306
5743 50
5744 697
5745 267
5746 590
5747 996
5748 519
5749 938
5750 131
5751 660
5752 329
5753 221
5754 661
5755 652
5756 593
5757 799
5758 737
5759 494
5760 20
5761 956
5762 995
5763 844
5764 622
5765 422
5766 423
5767 916
5768 825
5769 936
5770 678
5771 628
5772 644
5773 226
5774 928
5775 948
5776 31
5777 556
5778 151
5779 303
5780 471
5781 206
5782 978
5783 845
5784 13
5785 18
5786 122
5787 521
5788 703
5789 58
5790 564
5791 642
5792 700
5793 865
5794 100
5795 62
5796 813
5797 437
5798 894
5799 85
5800 13
5801 301
5802 721
5803 583
5804 867
5805 718
5806 205
5807 767
5808 745
5809 227
5810 316
5811 394
5812 35
5813 265
5814 557
5815 842
5816 131
5817 209
5818 410
5819 988
5820 920
5821 883
5822 786
5823 386
5824 989
5825 80
5826 296
5827 328
5828 277
5829 604
5830 805
5831 959
5832 258
5833 426
5834 66
5835 614
5836 56
5837 343
5838 699
5839 830
5840 824
5841 510
5842 557
5843 143
5844 652
5845 259
5846 803
5847 157
5848 257
5849 108
5850 627
5851 551
5852 379
5853 245
5854 374
5855 265
5856 917
5857 106
5858 939
5859 732
5860 696
5861 889
5862 643
5863 350
5864 398
5865 499
5866 59
5867 825
5868 317
5869 900
5870 657
5871 428
5872 196
5873 999
5874 600
5875 891
5876 224
5877 272
5878 820
5879 994
5880 638
5881 525
5882 145
5883 743
5884 991
5885 608
5886 569
5887 758
5888 588
5889 580
5890 38
5891 382
5892 280
5893 62
5894 914
5895 251
5896 8
5897 489
5898 501
5899 437
5900 165
5901 869
5902 425
5903 710
5904 813
5905 480
5906 145
5907 679
5908 637
5909 416
5910 952
5911 487
5912 891
5913 635
5914 46
5915 915
5916 13
5917 478
5918 762
5919 170
5920 510
5921 518
5922 552
5923 472
5924 424
5925 320
5926 924
5927 925
5928 134
5929 204
5930 936
5931 379
5932 220
5933 937
5934 740
5935 861
5936 301
5937 330
5938 459
5939 135
5940 954
5941 168
5942 746
5943 395
5944 0
5945 810
5946 744
5947 865
5948 530
5949 391
5950 328
5951 3
5952 49
5953 424
5954 95
5955 514
5956 533
5957 732
5958 865
5959 907
5960 372
5961 907
5962 997
5963 988
5964 740
5965 347
5966 854
5967 805
5968 252
5969 56
5970 173
5971 22
5972 239
5973 629
5974 709
5975 945
5976 978
5977 149
5978 142
5979 643
5980 34
5981 505
5982 245
5983 780
5984 450
5985 33
5986 67
5987 86
5988 207
5989 858
5990 622
5991 142
5992 773
5993 956
5994 366
5995 953
5996 47
5997 194
5998 920
5999 745
6000 230
6001 704
6002 420
6003 618
6004 348
6005 139
6006 404
6007 83
6008 707
6009 305
6010 19
6011 582
6012 451
6013 966
6014 776
6015 610
6016 936
6017 541
6018 655
6019 989
6020 54
6021 817
6022 113
6023 674
6024 57
6025 841
6026 777
6027 396
6028 818
6029 393
6030 263
6031 910
6032 150
6033 866
6034 481
6035 650
6036 312
6037 835
6038 523
6039 243
6040 299
6041 917
6042 323
6043 712
6044 843
6045 969
6046 296
6047 525
6048 336
6049 2
6050 733
6051 910
6052 23
6053 449
6054 672
6055 894
6056 357
6057 948
6058 125
6059 240
6060 412
6061 373
6062 720
6063 863
6064 871
6065 614
6066 698
6067 554
6068 866
6069 158
6070 972
6071 430
6072 98
6073 167
6074 640
6075 282
6076 363
6077 402
6078 790
6079 46
6080 396
6081 282
6082 872
6083 975
6084 944
6085 254
6086 190
6087 64
6088 163
6089 602
6090 486
6091 793
6092 419
6093 848
6094 488
6095 942
6096 410
6097 873
6098 46
6099 404
6100 990
6101 563
6102 794
6103 847
6104 287
6105 201
6106 34
6107 927
6108 739
6109 671
6110 238
6111 220
6112 629
6113 985
6114 257
6115 894
6116 64
6117 967
6118 398
6119 288
6120 229
6121 207
6122 330
6123 156
6124 958
6125 324
6126 320
6127 34
6128 715
6129 92
6130 609
6131 29
6132 338
6133 475
6134 137
6135 184
6136 846
6137 173
6138 475
6139 702
6140 840
6141 347
6142 758
6143 203
6144 447
6145 940
6146 201
6147 722
6148 139
6149 862
6150 996
6151 940
6152 596
6153 747
6154 79
6155 135
6156 211
6157 885
6158 188
6159 125
6160 902
6161 51
6162 58
6163 645
6164 870
6165 689
6166 559
6167 994
6168 710
6169 850
6170 827
6171 557
6172 735
6173 959
6174 464
6175 491
6176 91
6177 303
6178 293
6179 465
6180 591
6181 338
6182 798
6183 42
6184 645
6185 727
6186 639
6187 936
6188 955
6189 773
6190 624
6191 381
6192 422
6193 379
6194 752
6195 526
6196 838
6197 72
6198 113
6199 456
6200 343
6201 207
6202 192
6203 173
6204 647
6205 525
6206 374
6207 218
6208 70
6209 574
6210 943
6211 748
6212 52
6213 379
6214 538
6215 299
6216 491
6217 611
6218 872
6219 557
6220 616
6221 242
6222 589
6223 858
6224 672
6225 72
6226 973
6227 119
6228 791
6229 620
6230 875
6231 451
6232 314
6233 286
6234 393
6235 343
6236 964
6237 149
6238 903
6239 774
6240 687
6241 630
6242 870
6243 127
6244 429
6245 930
6246 490
6247 353
6248 904
6249 511
6250 492
6251 690
6252 893
6253 119
6254 44
6255 333
6256 553
6257 483
6258 736
6259 664
6260 596
6261 86
6262 472
6263 698
6264 722
6265 956
6266 427
6267 651
6268 527
6269 98
6270 482
6271 854
6272 875
6273 873
6274 138
6275 659
6276 244
6277 127
6278 411
6279 342
6280 767
6281 737
6282 718
6283 908
6284 435
6285 431
6286 165
6287 375
6288 987
6289 55
6290 892
6291 54
6292 193
6293 275
6294 526
6295 365
6296 503
6297 29
6298 736
6299 784
6300 985
6301 287
6302 302
6303 712
6304 705
6305 30
6306 464
6307 202
6308 933
6309 902
6310 887
6311 386
6312 945
6313 504
6314 362
6315 815
6316 583
6317 144
6318 281
6319 952
6320 337
6321 617
6322 69
6323 697
6324 825
6325 229
6326 930
6327 697
6328 335
6329 576
6330 659
6331 80
6332 173
6333 587
6334 477
6335 633
6336 783
6337 482
6338 778
6339 223
6340 725
6341 476
6342 231
6343 101
6344 550
6345 27
6346 145
6347 39
6348 259
6349 608
6350 330
6351 880
6352 556
6353 474
6354 669
6355 372
6356 614
6357 23
6358 71
6359 416
6360 741
6361 677
6362 227
6363 600
6364 441
6365 379
6366 358
6367 929
6368 984
6369 520
6370 440
6371 816
6372 244
6373 608
6374 305
6375 704
6376 373
6377 84
6378 216
6379 504
6380 991
6381 918
6382 833
6383 3
6384 867
6385 550
6386 107
6387 883
6388 511
6389 260
6390 90
6391 899
6392 641
6393 616
6394 151
6395 928
6396 26
6397 880
6398 892
6399 617
6400 288
6401 8
6402 432
6403 467
6404 96
6405 441
6406 555
6407 982
6408 995
6409 824
6410 935
6411 552
6412 734
6413 322
6414 273
6415 832
6416 728
6417 617
6418 393
6419 927
6420 222
6421 299
6422 112
6423 498
6424 943
6425 339
6426 215
6427 127
6428 563
6429 203
6430 425
6431 635
6432 3
6433 726
6434 224
6435 596
6436 670
6437 947
6438 679
6439 766
6440 310
6441 928
6442 728
6443 219
6444 205
6445 350
6446 110
6447 854
6448 476
6449 961
6450 183
6451 157
6452 752
6453 216
6454 348
6455 731
6456 637
6457 963
6458 251
6459 379
6460 231
6461 550
6462 747
6463 198
6464 283
6465 815
6466 31
6467 93
6468 533
6469 377
6470 457
6471 428
6472 860
6473 198
6474 215
6475 543
6476 508
6477 450
6478 213
6479 791
6480 764
6481 449
6482 187
6483 540
6484 885
6485 428
6486 896
6487 384
6488 87
6489 890
6490 917
6491 729
6492 525
6493 820
6494 434
6495 476
6496 950
6497 787
6498 572
6499 731
6500 709
6501 555
6502 693
6503 244
6504 409
6505 181
6506 275
6507 515
6508 419
6509 572
6510 855
6511 616
6512 89
6513 920
6514 105
6515 992
6516 560
6517 896
6518 678
6519 169
6520 454
6521 761
6522 611
6523 294
6524 265
6525 409
6526 79
6527 668
6528 621
6529 114
6530 796
6531 381
6532 430
6533 340
6534 399
6535 599
6536 664
6537 45
6538 711
6539 634
6540 75
6541 36
6542 761
6543 430
6544 466
6545 237
6546 430
6547 171
6548 147
6549 409
6550 641
6551 876
6552 952
6553 61
6554 407
6555 8
6556 637
6557 805
6558 748
6559 335
6560 348
6561 559
6562 593
6563 288
6564 461
6565 806
6566 460
6567 28
6568 605
6569 999
6570 215
6571 100
6572 930
6573 495
6574 181
6575 22
6576 539
6577 88
6578 323
6579 269
6580 83
6581 787
6582 209
6583 830
6584 767
6585 486
6586 700
6587 181
6588 891
6589 905
6590 711
6591 257
6592 992
6593 974
6594 896
6595 827
6596 893
6597 839
6598 679
6599 466
6600 841
6601 801
6602 755
6603 294
6604 665
6605 301
6606 202
6607 703
6608 723
6609 499
6610 992
6611 337
6612 611
6613 855
6614 621
6615 334
6616 85
6617 463
6618 773
6619 613
6620 782
6621 272
6622 110
6623 899
6624 617
6625 579
6626 764
6627 529
6628 669
6629 722
6630 122
6631 522
6632 131
6633 572
6634 877
6635 28
6636 43
6637 966
6638 110
6639 23
6640 741
6641 40
6642 232
6643 882
6644 899
6645 714
6646 776
6647 470
6648 690
6649 998
6650 718
6651 427
6652 224
6653 122
6654 531
6655 941
6656 188
6657 853
6658 829
6659 107
6660 420
6661 777
6662 828
6663 902
6664 569
6665 686
6666 47
6667 872
6668 169
6669 99
6670 734
6671 295
6672 951
6673 309
6674 474
6675 61
6676 55
6677 53
6678 532
6679 397
6680 480
6681 405
6682 216
6683 842
6684 999
6685 843
6686 490
6687 913
6688 530
6689 492
6690 645
6691 928
6692 204
6693 999
6694 693
6695 12
6696 700
6697 487
6698 304
6699 301
6700 969
6701 55
6702 183
6703 316
6704 552
6705 76
6706 591
6707 111
6708 369
6709 384
6710 579
6711 680
6712 73
6713 260
6714 89
6715 802
6716 341
6717 203
6718 552
6719 690
6720 741
6721 978
6722 244
6723 180
6724 198
6725 364
6726 122
6727 941
6728 861
6729 572
6730 959
6731 678
6732 714
6733 977
6734 503
6735 670
6736 593
6737 982
6738 617
6739 264
6740 858
6741 506
6742 817
6743 786
6744 680
6745 338
6746 195
6747 524
6748 420
6749 43
6750 321
6751 541
6752 229
6753 329
6754 561
6755 645
6756 411
6757 397
6758 788
6759 189
6760 854
6761 762
6762 710
6763 424
6764 77
6765 570
6766 961
6767 103
6768 864
6769 18
6770 51
6771 7
6772 966
6773 680
6774 385
6775 596
6776 97
6777 252
6778 708
6779 58
6780 540
6781 919
6782 265
6783 707
6784 747
6785 100
6786 479
6787 599
6788 36
6789 50
6790 659
6791 88
6792 368
6793 174
6794 283
6795 498
6796 691
6797 232
6798 988
6799 802
6800 448
6801 714
6802 572
6803 764
6804 42
6805 577
6806 106
6807 811
6808 482
6809 684
6810 839
6811 173
6812 678
6813 337
6814 503
6815 483
6816 562
6817 353
6818 670
6819 27
6820 671
6821 501
6822 261
6823 67
6824 297
6825 217
6826 204
6827 936
6828 833
6829 419
6830 248
6831 105
6832 22
6833 881
6834 438
6835 852
6836 860
6837 493
6838 743
6839 619
6840 141
6841 932
6842 779
6843 278
6844 5
6845 857
6846 755
6847 438
6848 877
6849 657
6850 392
6851 64
6852 61
6853 755
6854 296
6855 115
6856 150
6857 823
6858 194
6859 296
6860 172
6861 243
6862 360
6863 264
6864 540
6865 547
6866 462
6867 298
6868 195
6869 304
6870 289
6871 805
6872 403
6873 193
6874 227
6875 366
6876 224
6877 169
6878 491
6879 357
6880 593
6881 899
6882 486
6883 35
6884 834
6885 177
6886 372
6887 793
6888 356
6889 460
6890 16
6891 772
6892 300
6893 853
6894 891
6895 101
6896 64
6897 546
6898 752
6899 353
6900 264
6901 274
6902 302
6903 293
6904 568
6905 944
6906 723
6907 596
6908 410
6909 210
6910 827
6911 673
6912 34
6913 736
6914 180
6915 365
6916 633
6917 182
6918 163
6919 112
6920 182
6921 223
6922 940
6923 675
6924 836
6925 144
6926 467
6927 319
6928 982
6929 455
6930 937
6931 205
6932 59
6933 997
6934 607
6935 989
6936 502
6937 86
6938 297
6939 572
6940 467
6941 817
6942 233
6943 596
6944 932
6945 837
6946 607
6947 600
6948 906
6949 551
6950 66
6951 616
6952 413
6953 342
6954 832
6955 364
6956 768
6957 99
6958 754
6959 873
6960 253
6961 799
6962 760
6963 786
6964 403
6965 866
6966 808
6967 449
6968 550
6969 893
6970 416
6971 83
6972 626
6973 302
6974 63
6975 543
6976 581
6977 956
6978 248
6979 179
6980 204
6981 536
6982 487
6983 593
6984 888
6985 794
6986 976
6987 98
6988 270
6989 479
6990 500
6991 149
6992 860
6993 39
6994 229
6995 768
6996 286
6997 19
6998 864
6999 14
7000 463
7001 358
7002 840
7003 693
7004 518
7005 494
7006 177
7007 112
7008 1000
7009 897
7010 759
7011 153
7012 301
7013 588
7014 699
7015 296
7016 249
7017 187
7018 782
7019 561
7020 290
7021 606
7022 561
7023 693
7024 401
7025 359
7026 770
7027 470
7028 706
7029 526
7030 160
7031 917
7032 642
7033 444
7034 624
7035 518
7036 606
7037 315
7038 162
7039 568
7040 565
7041 114
7042 741
7043 143
7044 874
7045 228
7046 763
7047 581
7048 69
7049 152
7050 256
7051 167
7052 671
7053 334
7054 924
7055 480
7056 454
7057 578
7058 553
7059 947
7060 461
7061 399
7062 288
7063 209
7064 353
7065 428
7066 623
7067 75
7068 145
7069 212
7070 691
7071 718
7072 728
7073 94
7074 974
7075 480
7076 186
7077 861
7078 971
7079 811
7080 507
7081 269
7082 335
7083 259
7084 485
7085 276
7086 751
7087 376
7088 660
7089 690
7090 761
7091 174
7092 439
7093 480
7094 126
7095 861
7096 808
7097 77
7098 186
7099 861
7100 776
7101 356
7102 809
7103 765
7104 707
7105 244
7106 260
7107 82
7108 238
7109 555
7110 931
7111 914
7112 418
7113 384
7114 653
7115 271
7116 133
7117 836
7118 376
7119 4
7120 876
7121 4
7122 208
7123 98
7124 249
7125 431
7126 395
7127 1000
7128 564
7129 99
7130 847
7131 627
7132 591
7133 397
7134 445
7135 602
7136 65
7137 600
7138 701
7139 141
7140 148
7141 358
7142 900
7143 190
7144 892
7145 203
7146 785
7147 303
7148 634
7149 322
7150 633
7151 898
7152 419
7153 984
7154 239
7155 864
7156 78
7157 249
7158 558
7159 979
7160 697
7161 439
7162 399
7163 885
7164 864
7165 756
7166 351
7167 33
7168 931
7169 696
7170 499
7171 677
7172 2
7173 98
7174 478
7175 670
7176 18
7177 15
7178 423
7179 977
7180 92
7181 636
7182 898
7183 665
7184 648
7185 500
7186 111
7187 982
7188 417
7189 41
7190 292
7191 875
7192 148
7193 308
7194 460
7195 156
7196 419
7197 727
7198 184
7199 485
7200 19
7201 155
7202 41
7203 645
7204 650
7205 763
7206 79
7207 433
7208 952
7209 583
7210 788
7211 669
7212 58
7213 459
7214 716
7215 189
7216 619
7217 745
7218 834
7219 820
7220 405
7221 455
7222 996
7223 71
7224 625
7225 486
7226 569
7227 945
7228 459
7229 107
7230 753
7231 317
7232 81
7233 860
7234 171
7235 852
7236 739
7237 839
7238 206
7239 374
7240 290
7241 669
7242 734
7243 652
7244 969
7245 888
7246 444
7247 516
7248 492
7249 615
7250 851
7251 534
7252 28
7253 813
7254 700
7255 82
7256 381
7257 65
7258 916
7259 244
7260 761
7261 603
7262 742
7263 442
7264 344
7265 261
7266 354
7267 475
7268 535
7269 128
7270 415
7271 180
7272 14
7273 899
7274 32
7275 425
7276 476
7277 728
7278 65
7279 920
7280 192
7281 535
7282 17
7283 355
7284 81
7285 601
7286 276
7287 178
7288 853
7289 454
7290 329
7291 194
7292 661
7293 651
7294 392
7295 830
7296 983
7297 78
7298 819
7299 571
7300 119
7301 562
7302 576
7303 550
7304 500
7305 161
7306 473
7307 949
7308 655
7309 15
7310 857
7311 915
7312 489
7313 373
7314 490
7315 51
7316 149
7317 377
7318 52
7319 165
7320 611
7321 658
7322 446
7323 923
7324 876
7325 197
7326 618
7327 179
7328 814
7329 534
7330 682
7331 803
7332 509
7333 0
7334 969
7335 993
7336 423
7337 716
7338 352
7339 512
7340 180
7341 234
7342 264
7343 448
7344 293
7345 762
7346 505
7347 117
7348 689
7349 32
7350 534
7351 18
7352 653
7353 91
7354 912
7355 932
7356 805
7357 74
7358 184
7359 429
7360 263
7361 602
7362 350
7363 211
7364 658
7365 482
7366 12
7367 189
7368 668
7369 32
7370 932
7371 587
7372 272
7373 211
7374 316
7375 172
7376 904
7377 967
7378 749
7379 131
7380 10
7381 830
7382 625
7383 734
7384 82
7385 763
7386 160
7387 105
7388 619
7389 974
7390 163
7391 603
7392 807
7393 905
7394 925
7395 117
7396 695
7397 943
7398 903
7399 44
7400 373
7401 842
7402 294
7403 759
7404 76
7405 183
7406 28
7407 685
7408 113
7409 613
7410 126
7411 247
7412 519
7413 308
7414 39
7415 888
7416 62
7417 420
7418 276
7419 776
7420 331
7421 85
7422 556
7423 687
7424 118
7425 894
7426 630
7427 464
7428 423
7429 367
7430 0
7431 530
7432 482
7433 277
7434 910
7435 730
7436 213
7437 196
7438 525
7439 757
7440 319
7441 78
7442 77
7443 967
7444 519
7445 741
7446 108
7447 834
7448 459
7449 663
7450 643
7451 733
7452 945
7453 123
7454 958
7455 349
7456 991
7457 505
7458 420
7459 397
7460 856
7461 440
7462 473
7463 661
7464 802
7465 982
7466 203
7467 936
7468 972
7469 691
7470 128
7471 19
7472 678
7473 607
7474 916
7475 412
7476 535
7477 228
7478 331
7479 241
7480 500
7481 700
7482 506
7483 358
7484 106
7485 864
7486 893
7487 778
7488 989
7489 135
7490 127
7491 991
7492 508
7493 355
7494 296
7495 64
7496 681
7497 839
7498 434
7499 598
7500 410
7501 452
7502 989
7503 140
7504 780
7505 297
7506 2
7507 653
7508 322
7509 493
7510 652
7511 523
7512 102
7513 783
7514 597
7515 261
7516 211
7517 248
7518 781
7519 430
7520 743
7521 179
7522 175
7523 618
7524 126
7525 871
7526 243
7527 417
7528 21
7529 94
7530 387
7531 213
7532 760
7533 883
7534 435
7535 848
7536 724
7537 105
7538 402
7539 581
7540 943
7541 407
7542 62
7543 819
7544 465
7545 140
7546 556
7547 425
7548 574
7549 902
7550 914
7551 823
7552 183
7553 68
7554 141
7555 306
7556 245
7557 0
7558 862
7559 517
7560 306
7561 779
7562 242
7563 64
7564 766
7565 543
7566 198
7567 496
7568 607
7569 227
7570 36
7571 704
7572 186
7573 75
7574 642
7575 467
7576 484
7577 849
7578 782
7579 465
7580 409
7581 329
7582 224
7583 912
7584 35
7585 301
7586 259
7587 948
7588 420
7589 686
7590 828
7591 38
7592 268
7593 161
7594 932
7595 741
7596 687
7597 258
7598 831
7599 763
7600 638
7601 211
7602 354
7603 858
7604 894
7605 174
7606 290
7607 554
7608 909
7609 844
7610 391
7611 25
7612 44
7613 648
7614 209
7615 451
7616 573
7617 617
7618 956
7619 431
7620 546
7621 681
7622 776
7623 989
7624 673
7625 94
7626 532
7627 187
7628 11
7629 735
7630 528
7631 578
7632 502
7633 464
7634 935
7635 911
7636 43
7637 774
7638 369
7639 454
7640 591
7641 793
7642 426
7643 341
7644 190
7645 304
7646 104
7647 278
7648 806
7649 808
7650 711
7651 117
7652 188
7653 68
7654 664
7655 751
7656 131
7657 303
7658 200
7659 278
7660 684
7661 213
7662 314
7663 407
7664 911
7665 866
7666 104
7667 445
7668 478
7669 27
7670 42
7671 716
7672 201
7673 553
7674 40
7675 201
7676 298
7677 565
7678 126
7679 778
7680 171
7681 236
7682 748
7683 17
7684 949
7685 284
7686 299
7687 667
7688 12
7689 475
7690 762
7691 963
7692 13
7693 448
7694 622
7695 895
7696 934
7697 758
7698 697
7699 993
7700 190
7701 99
7702 730
7703 414
7704 446
7705 67
7706 657
7707 170
7708 760
7709 324
7710 987
7711 289
7712 357
7713 209
7714 281
7715 55
7716 2
7717 201
7718 49
7719 386
7720 149
7721 625
7722 714
7723 503
7724 32
7725 907
7726 704
7727 444
7728 921
7729 338
7730 924
7731 298
7732 174
7733 638
7734 868
7735 788
7736 643
7737 824
7738 451
7739 800
7740 129
7741 618
7742 302
7743 882
7744 341
7745 328
7746 347
7747 623
7748 130
7749 139
7750 302
7751 40
7752 517
7753 466
7754 693
7755 76
7756 490
7757 881
7758 394
7759 68
7760 141
7761 955
7762 536
7763 60
7764 276
7765 732
7766 497
7767 989
7768 768
7769 693
7770 964
7771 6
7772 590
7773 591
7774 902
7775 850
7776 316
7777 62
7778 772
7779 206
7780 716
7781 277
7782 493
7783 826
7784 661
7785 731
7786 328
7787 114
7788 218
7789 111
7790 645
7791 25
7792 586
7793 524
7794 596
7795 75
7796 477
7797 398
7798 273
7799 481
7800 476
7801 601
7802 577
7803 937
7804 660
7805 889
7806 575
7807 350
7808 616
7809 264
7810 573
7811 384
7812 837
7813 524
7814 755
7815 755
7816 477
7817 583
7818 866
7819 464
7820 776
7821 403
7822 727
7823 834
7824 743
7825 884
7826 324
7827 219
7828 820
7829 184
7830 376
7831 506
7832 988
7833 355
7834 153
7835 685
7836 813
7837 56
7838 618
7839 231
7840 826
7841 10
7842 792
7843 476
7844 994
7845 247
7846 213
7847 498
7848 711
7849 972
7850 963
7851 394
7852 605
7853 448
7854 787
7855 98
7856 147
7857 610
7858 381
7859 889
7860 395
7861 154
7862 811
7863 561
7864 886
7865 395
7866 891
7867 537
7868 473
7869 567
7870 263
7871 608
7872 217
7873 382
7874 795
7875 565
7876 558
7877 858
7878 658
7879 93
7880 517
7881 635
7882 484
7883 379
7884 157
7885 248
7886 617
7887 267
7888 6
7889 798
7890 577
7891 685
7892 799
7893 375
7894 823
7895 112
7896 191
7897 510
7898 686
7899 66
7900 142
7901 25
7902 454
7903 274
7904 101
7905 183
7906 443
7907 522
7908 978
7909 956
7910 140
7911 486
7912 19
7913 846
7914 733
7915 199
7916 518
7917 201
7918 549
7919 719
7920 493
7921 803
7922 290
7923 278
7924 124
7925 584
7926 691
7927 668
7928 101
7929 58
7930 65
7931 449
7932 366
7933 661
7934 191
7935 223
7936 618
7937 431
7938 721
7939 786
7940 283
7941 971
7942 756
7943 1
7944 642
7945 598
7946 301
7947 433
7948 384
7949 601
7950 526
7951 289
7952 305
7953 601
7954 69
7955 975
7956 344
7957 931
7958 135
7959 944
7960 87
7961 862
7962 40
7963 368
7964 448
7965 379
7966 541
7967 815
7968 196
7969 246
7970 911
7971 792
7972 930
7973 303
7974 676
7975 417
7976 434
7977 206
7978 189
7979 411
7980 526
7981 191
7982 635
7983 473
7984 858
7985 903
7986 54
7987 91
7988 907
7989 908
7990 355
7991 565
7992 82
7993 149
7994 855
7995 123
7996 972
7997 726
7998 394
7999 432
8000 257
8001 467
8002 828
8003 665
8004 866
8005 646
8006 743
8007 313
8008 45
8009 300
8010 733
8011 344
8012 339
8013 805
8014 961
8015 112
8016 634
8017 51
8018 427
8019 259
8020 782
8021 759
8022 427
8023 426
8024 431
8025 790
8026 783
8027 591
8028 398
8029 823
8030 342
8031 523
8032 63
8033 274
8034 252
8035 317
8036 88
8037 4
8038 628
8039 800
8040 325
8041 701
8042 471
8043 355
8044 602
8045 558
8046 753
8047 940
8048 293
8049 427
8050 898
8051 741
8052 868
8053 901
8054 672
8055 162
8056 38
8057 379
8058 42
8059 401
8060 694
8061 381
8062 614
8063 728
8064 568
8065 817
8066 510
8067 925
8068 498
8069 360
8070 220
8071 784
8072 461
8073 690
8074 78
8075 348
8076 131
8077 838
8078 881
8079 402
8080 966
8081 234
8082 657
8083 986
8084 332
8085 523
8086 677
8087 204
8088 79
8089 3
8090 597
8091 853
8092 776
8093 986
8094 146
8095 172
8096 200
8097 669
8098 206
8099 190
8100 643
8101 644
8102 195
8103 925
8104 493
8105 562
8106 268
8107 55
8108 888
8109 820
8110 582
8111 720
8112 801
8113 964
8114 137
8115 580
8116 639
8117 273
8118 659
8119 307
8120 875
8121 582
8122 758
8123 583
8124 429
8125 587
8126 398
8127 328
8128 948
8129 982
8130 965
8131 657
8132 270
8133 118
8134 447
8135 564
8136 842
8137 346
8138 50
8139 533
8140 579
8141 472
8142 229
8143 321
8144 47
8145 336
8146 851
8147 686
8148 363
8149 764
8150 985
8151 747
8152 508
8153 713
8154 472
8155 623
8156 123
8157 155
8158 312
8159 827
8160 529
8161 465
8162 108
8163 348
8164 940
8165 512
8166 179
8167 899
8168 662
8169 615
8170 469
8171 944
8172 107
8173 32
8174 264
8175 5
8176 86
8177 779
8178 138
8179 830
8180 37
8181 816
8182 609
8183 175
8184 266
8185 746
8186 350
8187 290
8188 112
8189 304
8190 773
8191 789
8192 488
8193 309
8194 670
8195 813
8196 286
8197 326
8198 459
8199 671
8200 472
8201 572
8202 220
8203 189
8204 424
8205 722
8206 391
8207 248
8208 517
8209 103
8210 413
8211 463
8212 785
8213 214
8214 92
8215 494
8216 450
8217 77
8218 935
8219 543
8220 163
8221 15
8222 485
8223 447
8224 644
8225 605
8226 675
8227 45
8228 114
8229 32
8230 585
8231 811
8232 542
8233 775
8234 35
8235 684
8236 839
8237 533
8238 594
8239 875
8240 493
8241 247
8242 851
8243 324
8244 333
8245 284
8246 281
8247 899
8248 128
8249 64
8250 928
8251 280
8252 454
8253 538
8254 861
8255 5
8256 321
8257 949
8258 137
8259 528
8260 69
8261 457
8262 488
8263 623
8264 341
8265 874
8266 185
8267 506
8268 161
8269 1
8270 48
8271 37
8272 193
8273 554
8274 959
8275 947
8276 990
8277 904
8278 373
8279 341
8280 717
8281 940
8282 515
8283 299
8284 454
8285 720
8286 764
8287 136
8288 15
8289 125
8290 120
8291 848
8292 18
8293 678
8294 7
8295 974
8296 482
8297 786
8298 691
8299 4
8300 513
8301 366
8302 253
8303 86
8304 99
8305 279
8306 823
8307 738
8308 690
8309 82
8310 43
8311 627
8312 574
8313 560
8314 487
8315 953
8316 986
8317 555
8318 163
8319 306
8320 503
8321 4
8322 761
8323 125
8324 922
8325 477
8326 129
8327 760
8328 550
8329 45
8330 483
8331 445
8332 297
8333 584
8334 847
8335 796
8336 725
8337 696
8338 283
8339 762
8340 558
8341 722
8342 217
8343 994
8344 350
8345 536
8346 391
8347 192
8348 665
8349 954
8350 105
8351 905
8352 115
8353 536
8354 11
8355 696
8356 878
8357 37
8358 268
8359 255
8360 228
8361 579
8362 239
8363 33
8364 526
8365 607
8366 72
8367 428
8368 665
8369 140
8370 469
8371 283
8372 731
8373 888
8374 806
8375 944
8376 866
8377 545
8378 182
8379 93
8380 64
8381 284
8382 125
8383 249
8384 575
8385 889
8386 211
8387 93
8388 949
8389 971
8390 470
8391 797
8392 153
8393 231
8394 485
8395 1000
8396 205
8397 352
8398 615
8399 697
8400 421
8401 86
8402 78
8403 74
8404 357
8405 278
8406 580
8407 260
8408 523
8409 193
8410 458
8411 793
8412 565
8413 660
8414 896
8415 375
8416 207
8417 145
8418 859
8419 872
8420 737
8421 592
8422 409
8423 482
8424 336
8425 943
8426 841
8427 778
8428 58
8429 848
8430 422
8431 772
8432 358
8433 732
8434 592
8435 193
8436 95
8437 110
8438 758
8439 966
8440 579
8441 154
8442 288
8443 797
8444 544
8445 827
8446 116
8447 564
8448 54
8449 710
8450 550
8451 295
8452 583
8453 594
8454 347
8455 375
8456 639
8457 871
8458 385
8459 726
8460 569
8461 60
8462 784
8463 800
8464 360
8465 186
8466 949
8467 37
8468 865
8469 687
8470 260
8471 539
8472 461
8473 82
8474 376
8475 340
8476 890
8477 361
8478 677
8479 955
8480 563
8481 31
8482 257
8483 248
8484 574
8485 172
8486 713
8487 21
8488 245
8489 33
8490 413
8491 539
8492 939
8493 763
8494 918
8495 557
8496 209
8497 682
8498 344
8499 906
8500 754
8501 345
8502 248
8503 844
8504 37
8505 71
8506 907
8507 866
8508 427
8509 640
8510 92
8511 32
8512 626
8513 235
8514 697
8515 987
8516 406
8517 142
8518 394
8519 126
8520 564
8521 4
8522 151
8523 413
8524 556
8525 791
8526 81
8527 764
8528 823
8529 587
8530 198
8531 222
8532 645
8533 15
8534 302
8535 501
8536 757
8537 168
8538 541
8539 100
8540 989
8541 44
8542 43
8543 799
8544 267
8545 410
8546 100
8547 232
8548 907
8549 72
8550 734
8551 531
8552 189
8553 271
8554 599
8555 122
8556 422
8557 32
8558 746
8559 668
8560 939
8561 743
8562 342
8563 533
8564 404
8565 113
8566 495
8567 746
8568 918
8569 148
8570 685
8571 529
8572 507
8573 50
8574 399
8575 653
8576 846
8577 561
8578 803
8579 917
8580 970
8581 234
8582 808
8583 529
8584 399
8585 730
8586 558
8587 561
8588 629
8589 277
8590 191
8591 194
8592 100
8593 779
8594 664
8595 746
8596 986
8597 182
8598 432
8599 218
8600 607
8601 55
8602 985
8603 751
8604 741
8605 989
8606 212
8607 432
8608 897
8609 468
8610 613
8611 285
8612 725
8613 541
8614 809
8615 771
8616 586
8617 357
8618 72
8619 873
8620 795
8621 937
8622 266
8623 34
8624 446
8625 187
8626 754
8627 883
8628 446
8629 856
8630 574
8631 84
8632 396
8633 168
8634 371
8635 718
8636 380
8637 564
8638 568
8639 82
8640 800
8641 419
8642 522
8643 219
8644 451
8645 994
8646 684
8647 886
8648 336
8649 264
8650 269
8651 192
8652 910
8653 649
8654 235
8655 395
8656 969
8657 619
8658 307
8659 93
8660 877
8661 422
8662 769
8663 882
8664 5
8665 649
8666 162
8667 184
8668 338
8669 41
8670 955
8671 678
8672 215
8673 903
8674 41
8675 113
8676 929
8677 518
8678 29
8679 583
8680 563
8681 333
8682 845
8683 137
8684 353
8685 979
8686 152
8687 806
8688 160
8689 376
8690 625
8691 498
8692 428
8693 719
8694 446
8695 451
8696 63
8697 262
8698 934
8699 685
8700 159
8701 759
8702 764
8703 696
8704 635
8705 540
8706 46
8707 99
8708 841
8709 396
8710 440
8711 6
8712 249
8713 684
8714 892
8715 232
8716 876
8717 521
8718 17
8719 991
8720 368
8721 839
8722 476
8723 663
8724 468
8725 642
8726 843
8727 393
8728 631
8729 333
8730 24
8731 830
8732 770
8733 915
8734 886
8735 140
8736 16
8737 768
8738 950
8739 813
8740 575
8741 990
8742 781
8743 224
8744 50
8745 910
8746 514
8747 82
8748 486
8749 293
8750 688
8751 557
8752 173
8753 881
8754 800
8755 725
8756 58
8757 149
8758 434
8759 234
8760 205
8761 736
8762 714
8763 294
8764 755
8765 989
8766 402
8767 472
8768 559
8769 491
8770 621
8771 741
8772 836
8773 941
8774 120
8775 159
8776 934
8777 810
8778 92
8779 436
8780 579
8781 15
8782 211
8783 974
8784 603
8785 92
8786 838
8787 29
8788 33
8789 534
8790 310
8791 112
8792 396
8793 200
8794 915
8795 654
8796 336
8797 568
8798 327
8799 809
8800 132
8801 326
8802 793
8803 601
8804 975
8805 100
8806 121
8807 196
8808 614
8809 327
8810 784
8811 838
8812 434
8813 396
8814 87
8815 715
8816 727
8817 134
8818 745
8819 519
8820 110
8821 112
8822 408
8823 190
8824 793
8825 327
8826 546
8827 46
8828 661
8829 235
8830 737
8831 784
8832 928
8833 307
8834 587
8835 53
8836 17
8837 434
8838 868
8839 802
8840 893
8841 567
8842 139
8843 59
8844 458
8845 661
8846 213
8847 627
8848 519
8849 692
8850 199
8851 432
8852 81
8853 71
8854 807
8855 38
8856 984
8857 255
8858 796
8859 580
8860 322
8861 374
8862 914
8863 714
8864 560
8865 283
8866 817
8867 358
8868 984
8869 283
8870 823
8871 987
8872 503
8873 711
8874 214
8875 764
8876 440
8877 537
8878 145
8879 768
8880 401
8881 138
8882 115
8883 328
8884 885
8885 541
8886 152
8887 417
8888 185
8889 106
8890 432
8891 817
8892 267
8893 115
8894 715
8895 846
8896 330
8897 452
8898 444
8899 684
8900 789
8901 407
8902 806
8903 385
8904 687
8905 769
8906 991
8907 279
8908 828
8909 117
8910 825
8911 274
8912 224
8913 614
8914 913
8915 2
8916 805
8917 932
8918 783
8919 930
8920 941
8921 692
8922 419
8923 481
8924 719
8925 833
8926 866
8927 382
8928 370
8929 851
8930 571
8931 85
8932 581
8933 197
8934 464
8935 674
8936 971
8937 601
8938 718
8939 94
8940 556
8941 54
8942 670
8943 669
8944 446
8945 508
8946 417
8947 621
8948 983
8949 300
8950 605
8951 935
8952 208
8953 444
8954 810
8955 825
8956 245
8957 210
8958 928
8959 511
8960 433
8961 894
8962 427
8963 243
8964 264
8965 739
8966 525
8967 713
8968 282
8969 806
8970 638
8971 639
8972 625
8973 145
8974 612
8975 482
8976 206
8977 986
8978 680
8979 889
8980 28
8981 463
8982 469
8983 632
8984 579
8985 260
8986 481
8987 571
8988 368
8989 90
8990 496
8991 70
8992 50
8993 896
8994 846
8995 914
8996 160
8997 775
8998 282
8999 294
9000 28
9001 805
9002 710
9003 359
9004 886
9005 614
9006 698
9007 291
9008 121
9009 494
9010 528
9011 868
9012 176
9013 831
9014 121
9015 706
9016 852
9017 250
9018 676
9019 44
9020 789
9021 639
9022 287
9023 81
9024 191
9025 991
9026 666
9027 897
9028 809
9029 710
9030 377
9031 216
9032 206
9033 561
9034 386
9035 547
9036 817
9037 180
9038 157
9039 71
9040 144
9041 545
9042 156
9043 115
9044 309
9045 206
9046 919
9047 215
9048 461
9049 920
9050 244
9051 320
9052 732
9053 280
9054 644
9055 620
9056 698
9057 341
9058 10
9059 882
9060 399
9061 695
9062 655
9063 390
9064 708
9065 902
9066 615
9067 711
9068 483
9069 639
9070 170
9071 914
9072 443
9073 615
9074 185
9075 948
9076 137
9077 806
9078 11
9079 991
9080 157
9081 372
9082 416
9083 340
9084 676
9085 935
9086 669
9087 236
9088 258
9089 308
9090 30
9091 823
9092 671
9093 423
9094 606
9095 836
9096 891
9097 443
9098 594
9099 967
9100 318
9101 985
9102 392
9103 916
9104 148
9105 830
9106 502
9107 500
9108 128
9109 962
9110 530
9111 188
9112 446
9113 816
9114 436
9115 615
9116 10
9117 633
9118 7
9119 127
9120 59
9121 22
9122 745
9123 729
9124 372
9125 570
9126 677
9127 909
9128 73
9129 213
9130 815
9131 544
9132 828
9133 953
9134 891
9135 775
9136 97
9137 346
9138 452
9139 898
9140 717
9141 814
9142 697
9143 349
9144 317
9145 590
9146 876
9147 161
9148 534
9149 798
9150 752
9151 503
9152 523
9153 267
9154 863
9155 435
9156 944
9157 358
9158 473
9159 555
9160 529
9161 97
9162 807
9163 651
9164 287
9165 532
9166 292
9167 954
9168 178
9169 961
9170 595
9171 833
9172 639
9173 859
9174 722
9175 44
9176 879
9177 973
9178 887
9179 158
9180 251
9181 889
9182 34
9183 737
9184 531
9185 712
9186 697
9187 885
9188 517
9189 734
9190 160
9191 45
9192 888
9193 801
9194 442
9195 398
9196 260
9197 808
9198 341
9199 630
9200 790
9201 462
9202 466
9203 998
9204 651
9205 54
9206 550
9207 247
9208 770
9209 720
9210 403
9211 495
9212 458
9213 258
9214 884
9215 676
9216 857
9217 211
9218 747
9219 351
9220 274
9221 746
9222 758
9223 112
9224 758
9225 9
9226 623
9227 336
9228 789
9229 591
9230 862
9231 671
9232 0
9233 855
9234 889
9235 837
9236 97
9237 18
9238 991
9239 424
9240 65
9241 493
9242 120
9243 814
9244 491
9245 60
9246 467
9247 90
9248 197
9249 939
9250 437
9251 408
9252 19
9253 203
9254 618
9255 361
9256 879
9257 650
9258 412
9259 41
9260 826
9261 997
9262 60
9263 257
9264 495
9265 420
9266 241
9267 104
9268 929
9269 907
9270 50
9271 735
9272 705
9273 63
9274 284
9275 888
9276 775
9277 925
9278 169
9279 413
9280 888
9281 79
9282 282
9283 455
9284 303
9285 450
9286 104
9287 502
9288 237
9289 111
9290 656
9291 473
9292 902
9293 771
9294 94
9295 298
9296 556
9297 717
9298 856
9299 794
9300 386
9301 901
9302 454
9303 64
9304 720
9305 798
9306 625
9307 792
9308 285
9309 530
9310 805
9311 717
9312 478
9313 719
9314 839
9315 89
9316 667
9317 773
9318 511
9319 871
9320 604
9321 650
9322 203
9323 682
9324 418
9325 483
9326 594
9327 399
9328 892
9329 394
9330 529
9331 143
9332 322
9333 193
9334 931
9335 100
9336 517
9337 477
9338 49
9339 453
9340 134
9341 160
9342 150
9343 602
9344 642
9345 142
9346 61
9347 881
9348 350
9349 466
9350 945
9351 960
9352 290
9353 133
9354 221
9355 312
9356 999
9357 269
9358 502
9359 255
9360 433
9361 877
9362 317
9363 554
9364 68
9365 286
9366 200
9367 48
9368 94
9369 383
9370 503
9371 317
9372 177
9373 186
9374 761
9375 171
9376 350
9377 300
9378 105
9379 464
9380 299
9381 96
9382 360
9383 747
9384 903
9385 510
9386 538
9387 917
9388 758
9389 3
9390 943
9391 648
9392 504
9393 330
9394 350
9395 63
9396 942
9397 915
9398 329
9399 214
9400 986
9401 660
9402 480
9403 26
9404 871
9405 985
9406 53
9407 994
9408 371
9409 507
9410 929
9411 418
9412 245
9413 641
9414 714
9415 19
9416 876
9417 977
9418 126
9419 937
9420 789
9421 970
9422 893
9423 506
9424 892
9425 907
9426 665
9427 289
9428 454
9429 362
9430 154
9431 418
9432 555
9433 571
9434 809
9435 50
9436 49
9437 101
9438 435
9439 327
9440 258
9441 130
9442 309
9443 49
9444 210
9445 429
9446 210
9447 502
9448 298
9449 154
9450 829
9451 924
9452 737
9453 23
9454 828
9455 489
9456 208
9457 8
9458 380
9459 204
9460 224
9461 908
9462 61
9463 347
9464 939
9465 932
9466 815
9467 764
9468 334
9469 515
9470 606
9471 728
9472 290
9473 594
9474 630
9475 895
9476 98
9477 391
9478 509
9479 506
9480 516
9481 843
9482 692
9483 299
9484 338
9485 606
9486 53
9487 920
9488 514
9489 998
9490 358
9491 502
9492 911
9493 114
9494 71
9495 482
9496 501
9497 996
9498 645
9499 60
9500 118
9501 975
9502 35
9503 4
9504 152
9505 871
9506 485
9507 597
9508 169
9509 581
9510 19
9511 55
9512 463
9513 948
9514 47
9515 539
9516 76
9517 719
9518 102
9519 707
9520 858
9521 481
9522 399
9523 854
9524 114
9525 864
9526 420
9527 780
9528 676
9529 432
9530 521
9531 568
9532 238
9533 264
9534 727
9535 260
9536 132
9537 450
9538 649
9539 416
9540 568
9541 440
9542 339
9543 727
9544 993
9545 250
9546 11
9547 141
9548 19
9549 56
9550 832
9551 337
9552 746
9553 978
9554 31
9555 60
9556 110
9557 972
9558 711
9559 543
9560 317
9561 457
9562 460
9563 179
9564 683
9565 62
9566 976
9567 92
9568 527
9569 654
9570 537
9571 514
9572 586
9573 431
9574 788
9575 972
9576 156
9577 856
9578 280
9579 557
9580 5
9581 971
9582 234
9583 12
9584 364
9585 763
9586 864
9587 251
9588 109
9589 811
9590 534
9591 152
9592 305
9593 516
9594 679
9595 775
9596 115
9597 20
9598 240
9599 210
9600 332
9601 997
9602 61
9603 625
9604 57
9605 288
9606 627
9607 269
9608 340
9609 612
9610 571
9611 646
9612 104
9613 992
9614 916
9615 569
9616 659
9617 154
9618 979
9619 628
9620 474
9621 674
9622 463
9623 351
9624 684
9625 286
9626 992
9627 438
9628 647
9629 437
9630 469
9631 241
9632 921
9633 637
9634 800
9635 885
9636 397
9637 250
9638 695
9639 911
9640 498
9641 563
9642 867
9643 321
9644 110
9645 975
9646 283
9647 273
9648 777
9649 644
9650 710
9651 54
9652 134
9653 950
9654 782
9655 969
9656 584
9657 249
9658 663
9659 757
9660 612
9661 482
9662 118
9663 363
9664 850
9665 951
9666 169
9667 685
9668 688
9669 964
9670 633
9671 627
9672 110
9673 550
9674 521
9675 744
9676 936
9677 391
9678 283
9679 665
9680 963
9681 505
9682 896
9683 748
9684 811
9685 672
9686 132
9687 402
9688 724
9689 261
9690 537
9691 64
9692 430
9693 651
9694 912
9695 309
9696 116
9697 316
9698 162
9699 375
9700 145
9701 680
9702 684
9703 585
9704 814
9705 596
9706 654
9707 684
9708 146
9709 791
9710 254
9711 297
9712 333
9713 82
9714 920
9715 888
9716 196
9717 86
9718 413
9719 670
9720 631
9721 514
9722 681
9723 117
9724 387
9725 98
9726 187
9727 513
9728 213
9729 855
9730 944
9731 557
9732 722
9733 546
9734 314
9735 430
9736 6
9737 128
9738 373
9739 211
9740 366
9741 833
9742 268
9743 424
9744 181
9745 593
9746 49
9747 621
9748 7
9749 894
9750 918
9751 32
9752 301
9753 953
9754 787
9755 795
9756 847
9757 425
9758 368
9759 136
9760 327
9761 775
9762 929
9763 577
9764 189
9765 959
9766 524
9767 727
9768 698
9769 147
9770 590
9771 500
9772 218
9773 541
9774 62
9775 782
9776 269
9777 587
9778 928
9779 663
9780 531
9781 481
9782 439
9783 455
9784 755
9785 55
9786 22
9787 186
9788 391
9789 649
9790 716
9791 704
9792 728
9793 452
9794 870
9795 514
9796 886
9797 997
9798 65
9799 347
9800 186
9801 585
9802 651
9803 952
9804 255
9805 815
9806 554
9807 930
9808 275
9809 216
9810 966
9811 12
9812 18
9813 575
9814 685
9815 919
9816 946
9817 779
9818 893
9819 276
9820 38
9821 204
9822 796
9823 463
9824 292
9825 488
9826 488
9827 594
9828 590
9829 496
9830 689
9831 649
9832 364
9833 609
9834 207
9835 625
9836 872
9837 7
9838 554
9839 326
9840 91
9841 127
9842 317
9843 909
9844 819
9845 45
9846 397
9847 93
9848 288
9849 283
9850 703
9851 312
9852 510
9853 942
9854 409
9855 626
9856 6
9857 778
9858 800
9859 485
9860 304
9861 576
9862 408
9863 219
9864 498
9865 301
9866 832
9867 928
9868 456
9869 481
9870 476
9871 839
9872 562
9873 941
9874 620
9875 568
9876 911
9877 576
9878 605
9879 188
9880 145
9881 634
9882 145
9883 937
9884 455
9885 532
9886 415
9887 309
9888 380
9889 504
9890 27
9891 549
9892 700
9893 370
9894 605
9895 233
9896 543
9897 223
9898 946
9899 821
9900 330
9901 166
9902 358
9903 205
9904 672
9905 548
9906 313
9907 961
9908 512
9909 575
9910 487
9911 376
9912 586
9913 0
9914 797
9915 494
9916 862
9917 908
9918 127
9919 444
9920 922
9921 319
9922 995
9923 27
9924 944
9925 772
9926 551
9927 85
9928 523
9929 145
9930 607
9931 155
9932 573
9933 206
9934 298
9935 896
9936 858
9937 414
9938 67
9939 877
9940 43
9941 591
9942 117
9943 320
9944 462
9945 113
9946 637
9947 864
9948 349
9949 438
9950 649
9951 429
9952 73
9953 371
9954 223
9955 120
9956 929
9957 769
9958 40
9959 860
9960 447
9961 101
9962 482
9963 262
9964 594
9965 623
9966 565
9967 983
9968 563
9969 268
9970 536
9971 314
9972 635
9973 758
9974 514
9975 56
9976 566
9977 429
9978 664
9979 649
9980 365
9981 973
9982 643
9983 82
9984 331
9985 573
9986 143
9987 503
9988 259
9989 717
9990 594
9991 223
9992 981
9993 370
9994 797
9995 200
9996 771
9997 476
9998 171
9999 252
